dpqs, 100.000000, 611.000000, 439.000000, 0.000000
quick, 100.000000, 679.000000, 551.000000, 0.000000
dpqs, 200.000000, 1299.000000, 880.000000, 0.000000
quick, 200.000000, 1450.000000, 916.000000, 0.000000
dpqs, 300.000000, 2069.000000, 1386.000000, 0.000000
quick, 300.000000, 2534.000000, 1554.000000, 0.000000
dpqs, 400.000000, 3158.000000, 2017.000000, 0.000000
quick, 400.000000, 3615.000000, 2393.000000, 0.000000
dpqs, 500.000000, 4039.000000, 2524.000000, 0.000000
quick, 500.000000, 4407.000000, 2704.000000, 0.000000
dpqs, 600.000000, 4916.000000, 3342.000000, 0.000000
quick, 600.000000, 6019.000000, 4041.000000, 0.002000
dpqs, 700.000000, 5862.000000, 3791.000000, 0.000000
quick, 700.000000, 7328.000000, 5214.000000, 0.000000
dpqs, 800.000000, 7305.000000, 4857.000000, 0.000000
quick, 800.000000, 7983.000000, 4947.000000, 0.000000
dpqs, 900.000000, 8240.000000, 5316.000000, 0.000000
quick, 900.000000, 9739.000000, 5859.000000, 0.000000
dpqs, 1000.000000, 9704.000000, 6029.000000, 0.000000
quick, 1000.000000, 11018.000000, 7556.000000, 0.001000
dpqs, 1100.000000, 11318.000000, 8269.000000, 0.000000
quick, 1100.000000, 11505.000000, 7974.000000, 0.000000
dpqs, 1200.000000, 11208.000000, 7490.000000, 0.000000
quick, 1200.000000, 12887.000000, 8678.000000, 0.000000
dpqs, 1300.000000, 12707.000000, 8271.000000, 0.000000
quick, 1300.000000, 14014.000000, 8895.000000, 0.001000
dpqs, 1400.000000, 13527.000000, 8331.000000, 0.000000
quick, 1400.000000, 15760.000000, 10882.000000, 0.000000
dpqs, 1500.000000, 15286.000000, 10108.000000, 0.000000
quick, 1500.000000, 18644.000000, 11493.000000, 0.001000
dpqs, 1600.000000, 16628.000000, 9230.000000, 0.000000
quick, 1600.000000, 19141.000000, 13179.000000, 0.000000
dpqs, 1700.000000, 17045.000000, 11033.000000, 0.001000
quick, 1700.000000, 19812.000000, 12648.000000, 0.000000
dpqs, 1800.000000, 18356.000000, 10972.000000, 0.000000
quick, 1800.000000, 20326.000000, 13388.000000, 0.000000
dpqs, 1900.000000, 19852.000000, 13608.000000, 0.001000
quick, 1900.000000, 23206.000000, 14742.000000, 0.000000
dpqs, 2000.000000, 21361.000000, 12938.000000, 0.000000
quick, 2000.000000, 24563.000000, 15410.000000, 0.001000
dpqs, 2100.000000, 22022.000000, 15122.000000, 0.000000
quick, 2100.000000, 27110.000000, 20471.000000, 0.000000
dpqs, 2200.000000, 23776.000000, 17278.000000, 0.001000
quick, 2200.000000, 28899.000000, 19546.000000, 0.000000
dpqs, 2300.000000, 24920.000000, 15134.000000, 0.001000
quick, 2300.000000, 30863.000000, 22390.000000, 0.000000
dpqs, 2400.000000, 25446.000000, 18004.000000, 0.000000
quick, 2400.000000, 30748.000000, 20188.000000, 0.001000
dpqs, 2500.000000, 27513.000000, 18019.000000, 0.000000
quick, 2500.000000, 30188.000000, 20218.000000, 0.001000
dpqs, 2600.000000, 27375.000000, 18688.000000, 0.000000
quick, 2600.000000, 33175.000000, 21564.000000, 0.001000
dpqs, 2700.000000, 32988.000000, 18759.000000, 0.000000
quick, 2700.000000, 35795.000000, 23704.000000, 0.001000
dpqs, 2800.000000, 30053.000000, 19756.000000, 0.001000
quick, 2800.000000, 36267.000000, 25945.000000, 0.000000
dpqs, 2900.000000, 32134.000000, 21337.000000, 0.001000
quick, 2900.000000, 38233.000000, 24514.000000, 0.000000
dpqs, 3000.000000, 34271.000000, 22863.000000, 0.001000
quick, 3000.000000, 39151.000000, 25453.000000, 0.000000
dpqs, 3100.000000, 35019.000000, 22333.000000, 0.001000
quick, 3100.000000, 39218.000000, 25298.000000, 0.001000
dpqs, 3200.000000, 37756.000000, 23705.000000, 0.000000
quick, 3200.000000, 45564.000000, 28118.000000, 0.001000
dpqs, 3300.000000, 37875.000000, 26988.000000, 0.001000
quick, 3300.000000, 44115.000000, 31444.000000, 0.001000
dpqs, 3400.000000, 38312.000000, 25533.000000, 0.000000
quick, 3400.000000, 44556.000000, 29592.000000, 0.001000
dpqs, 3500.000000, 40375.000000, 28486.000000, 0.001000
quick, 3500.000000, 47918.000000, 30138.000000, 0.000000
dpqs, 3600.000000, 43567.000000, 27300.000000, 0.001000
quick, 3600.000000, 51553.000000, 33549.000000, 0.000000
dpqs, 3700.000000, 44053.000000, 26561.000000, 0.000000
quick, 3700.000000, 54996.000000, 35708.000000, 0.000000
dpqs, 3800.000000, 44119.000000, 27271.000000, 0.000000
quick, 3800.000000, 53620.000000, 36948.000000, 0.000000
dpqs, 3900.000000, 47967.000000, 31580.000000, 0.000000
quick, 3900.000000, 52374.000000, 34142.000000, 0.000000
dpqs, 4000.000000, 46790.000000, 31059.000000, 0.000000
quick, 4000.000000, 56928.000000, 34923.000000, 0.000000
dpqs, 4100.000000, 50261.000000, 32790.000000, 0.000000
quick, 4100.000000, 59119.000000, 42159.000000, 0.000000
dpqs, 4200.000000, 49452.000000, 31725.000000, 0.000000
quick, 4200.000000, 62553.000000, 46930.000000, 0.000000
dpqs, 4300.000000, 49966.000000, 33216.000000, 0.000000
quick, 4300.000000, 58651.000000, 39574.000000, 0.000000
dpqs, 4400.000000, 53866.000000, 32745.000000, 0.000000
quick, 4400.000000, 66869.000000, 47043.000000, 0.000000
dpqs, 4500.000000, 55794.000000, 34436.000000, 0.000000
quick, 4500.000000, 63012.000000, 44024.000000, 0.000000
dpqs, 4600.000000, 57030.000000, 40100.000000, 0.000000
quick, 4600.000000, 66991.000000, 46856.000000, 0.016000
dpqs, 4700.000000, 55264.000000, 37493.000000, 0.000000
quick, 4700.000000, 66000.000000, 47868.000000, 0.000000
dpqs, 4800.000000, 66209.000000, 42864.000000, 0.000000
quick, 4800.000000, 71808.000000, 48969.000000, 0.000000
dpqs, 4900.000000, 63003.000000, 36633.000000, 0.000000
quick, 4900.000000, 72523.000000, 54317.000000, 0.000000
dpqs, 5000.000000, 62810.000000, 40566.000000, 0.000000
quick, 5000.000000, 75608.000000, 49995.000000, 0.000000
dpqs, 5100.000000, 61998.000000, 41595.000000, 0.000000
quick, 5100.000000, 74491.000000, 52724.000000, 0.000000
dpqs, 5200.000000, 62681.000000, 41867.000000, 0.000000
quick, 5200.000000, 74559.000000, 52925.000000, 0.000000
dpqs, 5300.000000, 65976.000000, 42422.000000, 0.000000
quick, 5300.000000, 76051.000000, 50698.000000, 0.000000
dpqs, 5400.000000, 68223.000000, 42769.000000, 0.000000
quick, 5400.000000, 75734.000000, 53205.000000, 0.016000
dpqs, 5500.000000, 72147.000000, 42708.000000, 0.000000
quick, 5500.000000, 80999.000000, 57273.000000, 0.000000
dpqs, 5600.000000, 70593.000000, 45300.000000, 0.000000
quick, 5600.000000, 83897.000000, 60447.000000, 0.000000
dpqs, 5700.000000, 71151.000000, 46116.000000, 0.000000
quick, 5700.000000, 82293.000000, 58220.000000, 0.000000
dpqs, 5800.000000, 70176.000000, 50048.000000, 0.000000
quick, 5800.000000, 85000.000000, 57283.000000, 0.000000
dpqs, 5900.000000, 75199.000000, 46836.000000, 0.000000
quick, 5900.000000, 95975.000000, 61879.000000, 0.000000
dpqs, 6000.000000, 76874.000000, 49491.000000, 0.000000
quick, 6000.000000, 85980.000000, 63683.000000, 0.000000
dpqs, 6100.000000, 75090.000000, 52783.000000, 0.000000
quick, 6100.000000, 93903.000000, 65033.000000, 0.000000
dpqs, 6200.000000, 80334.000000, 54406.000000, 0.002000
quick, 6200.000000, 94456.000000, 65018.000000, 0.001000
dpqs, 6300.000000, 82671.000000, 52607.000000, 0.001000
quick, 6300.000000, 98780.000000, 65902.000000, 0.001000
dpqs, 6400.000000, 79850.000000, 55797.000000, 0.001000
quick, 6400.000000, 98678.000000, 72981.000000, 0.002000
dpqs, 6500.000000, 84966.000000, 57163.000000, 0.001000
quick, 6500.000000, 99941.000000, 70937.000000, 0.001000
dpqs, 6600.000000, 86741.000000, 61604.000000, 0.001000
quick, 6600.000000, 112676.000000, 89135.000000, 0.002000
dpqs, 6700.000000, 85226.000000, 56932.000000, 0.001000
quick, 6700.000000, 104480.000000, 73512.000000, 0.001000
dpqs, 6800.000000, 91836.000000, 61003.000000, 0.002000
quick, 6800.000000, 108541.000000, 75768.000000, 0.000000
dpqs, 6900.000000, 89208.000000, 57033.000000, 0.000000
quick, 6900.000000, 106230.000000, 74197.000000, 0.000000
dpqs, 7000.000000, 89744.000000, 60479.000000, 0.000000
quick, 7000.000000, 119285.000000, 84855.000000, 0.000000
dpqs, 7100.000000, 93525.000000, 60851.000000, 0.000000
quick, 7100.000000, 110915.000000, 81744.000000, 0.000000
dpqs, 7200.000000, 92560.000000, 63226.000000, 0.000000
quick, 7200.000000, 120746.000000, 82187.000000, 0.000000
dpqs, 7300.000000, 93633.000000, 62597.000000, 0.000000
quick, 7300.000000, 119820.000000, 93958.000000, 0.000000
dpqs, 7400.000000, 100306.000000, 66141.000000, 0.000000
quick, 7400.000000, 117037.000000, 77537.000000, 0.000000
dpqs, 7500.000000, 95981.000000, 67392.000000, 0.000000
quick, 7500.000000, 116447.000000, 85659.000000, 0.000000
dpqs, 7600.000000, 100955.000000, 64505.000000, 0.000000
quick, 7600.000000, 120105.000000, 90398.000000, 0.000000
dpqs, 7700.000000, 103858.000000, 65445.000000, 0.000000
quick, 7700.000000, 129100.000000, 90873.000000, 0.000000
dpqs, 7800.000000, 102658.000000, 72348.000000, 0.000000
quick, 7800.000000, 130243.000000, 90350.000000, 0.000000
dpqs, 7900.000000, 108094.000000, 79823.000000, 0.016000
quick, 7900.000000, 130904.000000, 87828.000000, 0.002000
dpqs, 8000.000000, 114551.000000, 67814.000000, 0.000000
quick, 8000.000000, 129385.000000, 97608.000000, 0.000000
dpqs, 8100.000000, 113295.000000, 71483.000000, 0.000000
quick, 8100.000000, 135542.000000, 96837.000000, 0.000000
dpqs, 8200.000000, 109695.000000, 75572.000000, 0.000000
quick, 8200.000000, 136038.000000, 98416.000000, 0.000000
dpqs, 8300.000000, 111432.000000, 77145.000000, 0.000000
quick, 8300.000000, 139634.000000, 102236.000000, 0.000000
dpqs, 8400.000000, 112707.000000, 81513.000000, 0.000000
quick, 8400.000000, 145249.000000, 107934.000000, 0.016000
dpqs, 8500.000000, 112992.000000, 86154.000000, 0.000000
quick, 8500.000000, 141883.000000, 103457.000000, 0.000000
dpqs, 8600.000000, 113504.000000, 82120.000000, 0.000000
quick, 8600.000000, 137256.000000, 101074.000000, 0.000000
dpqs, 8700.000000, 121703.000000, 85344.000000, 0.000000
quick, 8700.000000, 151594.000000, 104976.000000, 0.000000
dpqs, 8800.000000, 128239.000000, 81181.000000, 0.000000
quick, 8800.000000, 152174.000000, 122295.000000, 0.016000
dpqs, 8900.000000, 126452.000000, 83293.000000, 0.002000
quick, 8900.000000, 150541.000000, 115943.000000, 0.002000
dpqs, 9000.000000, 119865.000000, 86124.000000, 0.003000
quick, 9000.000000, 149196.000000, 114478.000000, 0.002000
dpqs, 9100.000000, 131489.000000, 99415.000000, 0.002000
quick, 9100.000000, 161065.000000, 113350.000000, 0.002000
dpqs, 9200.000000, 125089.000000, 85115.000000, 0.001000
quick, 9200.000000, 160292.000000, 120646.000000, 0.003000
dpqs, 9300.000000, 123700.000000, 85084.000000, 0.001000
quick, 9300.000000, 155175.000000, 117731.000000, 0.002000
dpqs, 9400.000000, 132196.000000, 89804.000000, 0.002000
quick, 9400.000000, 161053.000000, 118076.000000, 0.002000
dpqs, 9500.000000, 128055.000000, 88025.000000, 0.002000
quick, 9500.000000, 154062.000000, 114284.000000, 0.002000
dpqs, 9600.000000, 134532.000000, 102533.000000, 0.002000
quick, 9600.000000, 172571.000000, 125641.000000, 0.002000
dpqs, 9700.000000, 142219.000000, 87191.000000, 0.002000
quick, 9700.000000, 178818.000000, 141789.000000, 0.002000
dpqs, 9800.000000, 138239.000000, 90404.000000, 0.002000
quick, 9800.000000, 177171.000000, 131009.000000, 0.002000
dpqs, 9900.000000, 145097.000000, 91665.000000, 0.002000
quick, 9900.000000, 170197.000000, 132744.000000, 0.002000
dpqs, 10000.000000, 136091.000000, 95517.000000, 0.002000
quick, 10000.000000, 168406.000000, 128584.000000, 0.002000
