S, 10, 11, 13, 12.430000, 0.710695
R, 10, 9, 34, 15.890000, 5.482506
S, 20, 30, 46, 35.060001, 3.123502
R, 20, 19, 84, 41.980000, 14.749903
S, 30, 50, 86, 61.410000, 5.867029
R, 30, 29, 147, 76.360001, 25.034584
S, 40, 67, 101, 82.610001, 7.315598
R, 40, 50, 238, 106.750000, 35.770767
S, 50, 86, 133, 110.349998, 10.792970
R, 50, 49, 236, 129.669998, 38.930981
S, 60, 114, 172, 141.550003, 13.746482
R, 60, 59, 347, 167.029999, 58.316795
S, 70, 133, 204, 168.210007, 14.243731
R, 70, 69, 387, 185.740005, 61.131405
S, 80, 154, 221, 189.000000, 13.980735
R, 80, 102, 451, 233.550003, 77.540092
S, 90, 161, 255, 212.820007, 20.144594
R, 90, 89, 494, 245.779999, 79.464149
S, 100, 178, 282, 238.600006, 20.727161
R, 100, 99, 730, 292.130005, 103.346573
S, 110, 207, 329, 273.220001, 25.912767
R, 110, 144, 654, 315.279999, 102.635765
S, 120, 243, 357, 303.850006, 24.513746
R, 120, 156, 614, 339.929993, 105.418655
S, 130, 249, 392, 327.470001, 28.285511
R, 130, 129, 722, 368.609985, 114.231842
S, 140, 266, 406, 358.250000, 24.598970
R, 140, 194, 814, 414.220001, 139.095490
S, 150, 284, 448, 384.059998, 31.494486
R, 150, 149, 893, 436.570007, 132.791382
S, 160, 294, 471, 414.160004, 32.025734
R, 160, 205, 1161, 470.429993, 155.876450
S, 170, 354, 544, 444.079987, 32.975796
R, 170, 237, 861, 488.929993, 152.753250
S, 180, 359, 529, 454.739990, 35.773514
R, 180, 244, 975, 533.909973, 156.040817
S, 190, 356, 587, 491.029999, 39.750507
R, 190, 254, 1108, 539.830017, 183.286118
S, 200, 407, 607, 521.409973, 35.517811
R, 200, 249, 1122, 596.679993, 186.251312
S, 210, 421, 666, 561.210022, 47.457535
R, 210, 272, 1486, 633.909973, 201.826950
S, 220, 411, 662, 586.789978, 50.399246
R, 220, 219, 1370, 635.909973, 225.806274
S, 230, 431, 691, 615.429993, 50.080738
R, 230, 318, 1305, 718.890015, 208.911972
S, 240, 442, 714, 632.440002, 56.825001
R, 240, 239, 1565, 699.200012, 219.367340
S, 250, 523, 753, 670.750000, 53.611450
R, 250, 249, 1331, 749.010010, 247.939896
S, 260, 528, 787, 700.890015, 57.144005
R, 260, 259, 1591, 768.979980, 248.999573
S, 270, 533, 835, 731.909973, 59.227665
R, 270, 269, 1393, 828.700012, 260.439606
S, 280, 530, 885, 758.820007, 58.186199
R, 280, 279, 1556, 798.020020, 267.710999
S, 290, 544, 894, 796.450012, 60.147758
R, 290, 430, 1574, 877.780029, 252.593246
S, 300, 627, 921, 816.830017, 59.561192
R, 300, 299, 1855, 918.130005, 287.345154
S, 310, 664, 934, 851.119995, 50.365578
R, 310, 430, 2157, 929.900024, 282.923370
S, 320, 649, 992, 868.760010, 71.388779
R, 320, 433, 1728, 943.809998, 301.522491
S, 330, 655, 1002, 901.950012, 70.748146
R, 330, 329, 2230, 1004.289978, 347.369598
S, 340, 678, 1033, 932.030029, 65.217133
R, 340, 451, 1902, 1013.099976, 302.480286
S, 350, 661, 1099, 965.460022, 73.903709
R, 350, 349, 2148, 1016.979980, 365.592285
S, 360, 793, 1090, 993.150024, 56.612976
R, 360, 456, 1770, 1029.300049, 323.629669
S, 370, 718, 1125, 1007.469971, 79.436737
R, 370, 495, 2409, 1136.180054, 356.275177
S, 380, 803, 1175, 1053.790039, 68.085815
R, 380, 379, 2200, 1217.369995, 379.101135
S, 390, 845, 1184, 1067.000000, 73.327179
R, 390, 541, 2677, 1221.699951, 420.983490
S, 400, 833, 1254, 1107.800049, 67.442955
R, 400, 519, 2138, 1243.780029, 407.537567
S, 410, 862, 1244, 1134.800049, 77.816124
R, 410, 409, 2382, 1292.469971, 389.519562
S, 420, 836, 1296, 1167.010010, 85.577522
R, 420, 544, 2631, 1313.459961, 418.771027
S, 430, 917, 1332, 1198.739990, 79.851021
R, 430, 590, 2607, 1392.869995, 452.681366
S, 440, 876, 1377, 1224.859985, 97.223412
R, 440, 554, 2652, 1294.150024, 438.176849
S, 450, 881, 1388, 1249.079956, 106.193871
R, 450, 593, 2529, 1323.209961, 376.692871
S, 460, 921, 1407, 1276.540039, 99.508934
R, 460, 592, 2441, 1354.939941, 377.224396
S, 470, 1003, 1446, 1322.880005, 86.527412
R, 470, 629, 2655, 1482.589966, 490.847992
S, 480, 1001, 1470, 1354.079956, 82.185600
R, 480, 653, 3187, 1502.989990, 478.651337
S, 490, 967, 1500, 1363.900024, 93.033455
R, 490, 489, 3466, 1493.829956, 532.475403
S, 500, 984, 1578, 1402.920044, 102.549255
R, 500, 742, 2773, 1519.880005, 494.249969
S, 510, 1023, 1581, 1441.869995, 104.437981
R, 510, 711, 2596, 1501.910034, 449.049835
S, 520, 1127, 1631, 1477.780029, 94.993080
R, 520, 810, 3263, 1640.359985, 502.632690
S, 530, 1175, 1666, 1493.420044, 101.588989
R, 530, 807, 2998, 1683.510010, 541.406311
S, 540, 1187, 1686, 1530.410034, 100.001884
R, 540, 727, 3206, 1667.599976, 517.245911
S, 550, 1094, 1712, 1555.670044, 125.428123
R, 550, 825, 3903, 1705.099976, 513.895020
S, 560, 1127, 1741, 1585.339966, 119.309235
R, 560, 559, 2788, 1681.959961, 505.498199
S, 570, 1247, 1775, 1631.130005, 115.001770
R, 570, 783, 3433, 1755.670044, 537.976013
S, 580, 1190, 1816, 1650.689941, 111.959671
R, 580, 863, 3283, 1749.040039, 551.412659
S, 590, 1301, 1846, 1704.270020, 103.904770
R, 590, 869, 3386, 1789.609985, 517.150940
S, 600, 1200, 1853, 1691.949951, 137.948761
R, 600, 801, 3651, 1847.069946, 588.625427
S, 610, 1323, 1887, 1733.209961, 119.513519
R, 610, 609, 3738, 1941.969971, 597.747131
S, 620, 1458, 1960, 1793.550049, 86.712006
R, 620, 812, 3752, 1973.829956, 686.286621
S, 630, 1417, 1961, 1809.810059, 100.685410
R, 630, 965, 4079, 2033.290039, 594.390991
S, 640, 1426, 1981, 1829.319946, 115.591019
R, 640, 828, 4199, 1924.989990, 663.377930
S, 650, 1293, 2014, 1852.089966, 136.747971
R, 650, 863, 3494, 1910.089966, 568.705627
S, 660, 1475, 2057, 1903.660034, 104.755547
R, 660, 963, 3987, 2013.599976, 605.234802
S, 670, 1482, 2087, 1923.170044, 115.355896
R, 670, 969, 4108, 2055.340088, 667.313721
S, 680, 1509, 2123, 1972.660034, 90.412331
R, 680, 952, 4035, 2092.459961, 689.563110
S, 690, 1485, 2171, 1976.719971, 124.543800
R, 690, 936, 3283, 2041.750000, 541.279419
S, 700, 1567, 2155, 1999.469971, 128.635483
R, 700, 916, 4639, 2162.300049, 655.005737
S, 710, 1418, 2207, 2028.680054, 164.494644
R, 710, 1045, 4776, 2234.729980, 771.797180
S, 720, 1641, 2256, 2068.969971, 110.318901
R, 720, 719, 3968, 2107.899902, 675.737000
S, 730, 1582, 2250, 2081.280029, 131.373291
R, 730, 729, 4752, 2242.250000, 688.460938
S, 740, 1638, 2279, 2120.020020, 125.162361
R, 740, 1155, 4067, 2305.000000, 679.731567
S, 750, 1638, 2359, 2151.879883, 117.690147
R, 750, 996, 4574, 2254.010010, 670.137207
S, 760, 1722, 2384, 2177.280029, 136.916672
R, 760, 1005, 5724, 2469.159912, 794.198242
S, 770, 1606, 2478, 2218.419922, 147.210907
R, 770, 1094, 3894, 2384.409912, 653.919250
S, 780, 1592, 2464, 2236.860107, 164.089493
R, 780, 1170, 5363, 2339.550049, 828.889648
S, 790, 1806, 2486, 2269.199951, 150.730164
R, 790, 1202, 4431, 2331.139893, 799.187256
S, 800, 1802, 2493, 2325.929932, 156.108780
R, 800, 1157, 4282, 2445.810059, 664.859131
S, 810, 1843, 2510, 2348.389893, 127.874596
R, 810, 1062, 5337, 2431.270020, 803.715820
S, 820, 1838, 2629, 2373.560059, 133.419067
R, 820, 1077, 5012, 2507.530029, 716.259460
S, 830, 1887, 2564, 2413.939941, 135.181213
R, 830, 1060, 5012, 2544.510010, 856.063538
S, 840, 1919, 2615, 2441.810059, 109.968803
R, 840, 1075, 4393, 2527.370117, 738.763672
S, 850, 1903, 2666, 2482.010010, 122.222382
R, 850, 1089, 5971, 2656.629883, 887.259644
S, 860, 1934, 2700, 2506.790039, 104.478226
R, 860, 1109, 5795, 2644.520020, 821.804932
S, 870, 1895, 2719, 2519.010010, 175.553619
R, 870, 1163, 5184, 2716.600098, 835.795959
S, 880, 1809, 2725, 2563.159912, 141.602493
R, 880, 1303, 5235, 2828.459961, 776.998230
S, 890, 1915, 2793, 2549.620117, 180.038208
R, 890, 1167, 5381, 2711.600098, 891.358154
S, 900, 2036, 2804, 2603.110107, 145.503494
R, 900, 1301, 6355, 2836.479980, 855.819702
S, 910, 2037, 2900, 2650.810059, 139.606705
R, 910, 1176, 5679, 2771.889893, 984.217651
S, 920, 1830, 2892, 2671.409912, 169.683762
R, 920, 1474, 5075, 2839.780029, 777.683350
S, 930, 2057, 2909, 2713.840088, 152.031174
R, 930, 1198, 5340, 2766.030029, 886.740601
S, 940, 1797, 2965, 2730.969971, 177.748474
R, 940, 1478, 5750, 2793.540039, 873.095093
S, 950, 2147, 2992, 2782.159912, 154.771515
R, 950, 1264, 5357, 2936.340088, 974.982483
S, 960, 2153, 2993, 2789.100098, 149.601624
R, 960, 1265, 5516, 2847.040039, 944.615295
S, 970, 2052, 3075, 2784.629883, 218.820511
R, 970, 1378, 5662, 2939.060059, 925.463135
S, 980, 2197, 3071, 2872.229980, 149.378510
R, 980, 1640, 5835, 3122.810059, 889.098022
S, 990, 2110, 3115, 2900.659912, 165.142593
R, 990, 1359, 7008, 2959.189941, 1056.030762
S, 1000, 2309, 3163, 2947.520020, 131.098190
R, 1000, 1362, 5955, 3084.560059, 1044.540161
S, 1010, 2274, 3176, 2971.850098, 174.922836
R, 1010, 1558, 5812, 3245.050049, 1010.408936
S, 1020, 2315, 3207, 3016.300049, 131.890167
R, 1020, 1359, 5538, 3048.429932, 898.382385
S, 1030, 2359, 3266, 3038.370117, 150.615509
R, 1030, 1029, 7476, 3140.250000, 1070.423706
S, 1040, 2298, 3280, 3068.879883, 150.164124
R, 1040, 1321, 4821, 2989.669922, 818.607788
S, 1050, 2335, 3313, 3110.310059, 178.897568
R, 1050, 1049, 6154, 3263.879883, 979.374878
S, 1060, 2393, 3344, 3138.129883, 176.934555
R, 1060, 1406, 6262, 3380.469971, 1056.291504
S, 1070, 2323, 3394, 3138.860107, 213.317200
R, 1070, 1444, 6137, 3308.590088, 1015.264343
S, 1080, 2483, 3394, 3170.580078, 171.944672
R, 1080, 1362, 6748, 3507.760010, 1088.056396
S, 1090, 2460, 3429, 3217.129883, 168.384430
R, 1090, 1376, 5022, 3152.419922, 810.084351
S, 1100, 2561, 3437, 3268.129883, 131.696884
R, 1100, 1099, 8910, 3225.149902, 1210.737793
S, 1110, 2447, 3511, 3268.949951, 199.236588
R, 1110, 1656, 5908, 3338.780029, 1062.496582
S, 1120, 2429, 3551, 3302.209961, 194.954803
R, 1120, 1687, 6286, 3684.149902, 1047.605591
S, 1130, 2582, 3587, 3336.010010, 185.944122
R, 1130, 1537, 5649, 3404.919922, 906.888794
S, 1140, 2579, 3636, 3341.870117, 208.835144
R, 1140, 1540, 6648, 3511.070068, 1073.349854
S, 1150, 2306, 3627, 3406.189941, 187.499557
R, 1150, 1673, 6500, 3482.600098, 1150.273682
S, 1160, 2602, 3669, 3425.100098, 193.218323
R, 1160, 1777, 7213, 3616.959961, 1131.258423
S, 1170, 2562, 3680, 3458.780029, 196.574951
R, 1170, 1680, 5968, 3550.379883, 1043.881592
S, 1180, 2423, 3700, 3487.610107, 197.685959
R, 1180, 1617, 7435, 3674.760010, 1311.622192
S, 1190, 2715, 3801, 3509.830078, 205.778580
R, 1190, 1189, 6905, 3734.909912, 1306.288208
S, 1200, 2484, 3786, 3505.939941, 250.252121
R, 1200, 1707, 8205, 4078.739990, 1272.079468
S, 1210, 2787, 3810, 3573.959961, 223.933472
R, 1210, 1674, 6581, 3642.879883, 1125.313354
S, 1220, 2686, 3874, 3599.689941, 228.957047
R, 1220, 1808, 6252, 3712.189941, 1076.449585
S, 1230, 2716, 3900, 3664.370117, 173.797714
R, 1230, 1867, 7753, 3831.219971, 1294.191895
S, 1240, 2855, 3889, 3639.070068, 212.626526
R, 1240, 1840, 8935, 3901.429932, 1294.747314
S, 1250, 2483, 3961, 3671.120117, 279.333282
R, 1250, 1612, 7798, 3722.570068, 1190.384033
S, 1260, 2774, 4017, 3744.530029, 210.411163
R, 1260, 1670, 7140, 3642.439941, 1108.602905
S, 1270, 2889, 4011, 3773.989990, 215.744186
R, 1270, 1611, 8074, 3946.000000, 1204.005005
S, 1280, 2982, 4023, 3798.649902, 190.643433
R, 1280, 1890, 7149, 3919.110107, 1192.438721
S, 1290, 2699, 4056, 3822.429932, 237.470871
R, 1290, 1656, 6198, 3887.699951, 1111.558838
S, 1300, 3016, 4127, 3881.590088, 175.850479
R, 1300, 1710, 7260, 3987.879883, 1260.353882
S, 1310, 2831, 4124, 3906.489990, 157.778183
R, 1310, 1867, 8096, 4114.229980, 1264.219727
S, 1320, 2726, 4182, 3892.500000, 278.017548
R, 1320, 1810, 8688, 4315.640137, 1400.969727
S, 1330, 3085, 4208, 3978.550049, 170.834747
R, 1330, 2124, 7970, 4204.410156, 1215.491333
S, 1340, 3088, 4213, 4014.050049, 172.409988
R, 1340, 2022, 8227, 4097.580078, 1243.264893
S, 1350, 3021, 4245, 3972.810059, 267.556061
R, 1350, 1965, 9363, 4213.689941, 1304.634521
S, 1360, 3138, 4256, 4032.830078, 186.031082
R, 1360, 2055, 7486, 4308.149902, 1238.838379
S, 1370, 3225, 4300, 4084.850098, 146.009171
R, 1370, 2168, 8716, 4264.500000, 1325.308960
S, 1380, 3175, 4387, 4109.870117, 225.436508
R, 1380, 1806, 8997, 4386.120117, 1391.812622
S, 1390, 2862, 4406, 4149.779785, 220.562317
R, 1390, 2118, 8155, 4396.810059, 1313.409790
S, 1400, 3218, 4433, 4170.080078, 208.499741
R, 1400, 1772, 8747, 4351.790039, 1303.856323
S, 1410, 3281, 4524, 4215.100098, 171.415192
R, 1410, 1891, 8983, 4280.490234, 1324.101685
S, 1420, 3125, 4516, 4204.569824, 229.404861
R, 1420, 1876, 7663, 4487.069824, 1249.769775
S, 1430, 2963, 4519, 4286.350098, 190.994339
R, 1430, 1878, 8759, 4447.490234, 1397.363403
S, 1440, 2971, 4585, 4272.029785, 274.473145
R, 1440, 2222, 9338, 4528.850098, 1512.728271
S, 1450, 3288, 4531, 4326.979980, 186.365906
R, 1450, 2107, 8248, 4360.640137, 1326.078247
S, 1460, 3258, 4640, 4361.770020, 246.840637
R, 1460, 2159, 8659, 4632.310059, 1423.453369
S, 1470, 3450, 4819, 4372.490234, 229.475815
R, 1470, 2181, 10805, 4365.140137, 1457.450317
S, 1480, 3376, 4772, 4388.379883, 284.098572
R, 1480, 2360, 8372, 4461.950195, 1269.846680
S, 1490, 3090, 4813, 4418.660156, 287.788849
R, 1490, 1489, 8730, 4398.899902, 1323.192261
S, 1500, 3359, 4740, 4457.520020, 275.520020
R, 1500, 2033, 9981, 4643.290039, 1615.627930
S, 1510, 3502, 4817, 4493.100098, 247.534866
R, 1510, 2474, 7707, 4504.000000, 1212.133667
S, 1520, 3125, 4811, 4543.919922, 242.329819
R, 1520, 1916, 9843, 4613.439941, 1601.902588
S, 1530, 3371, 4831, 4550.620117, 284.732422
R, 1530, 2105, 9882, 4775.529785, 1557.719849
S, 1540, 3606, 4954, 4597.310059, 208.873703
R, 1540, 2196, 11417, 4673.830078, 1712.171265
S, 1550, 3591, 4959, 4604.250000, 268.748840
R, 1550, 2326, 9809, 4889.500000, 1568.468628
S, 1560, 3641, 4985, 4646.120117, 258.993927
R, 1560, 2683, 9676, 4917.660156, 1395.894897
S, 1570, 3188, 4984, 4702.379883, 258.471344
R, 1570, 2187, 8669, 4793.270020, 1420.005859
S, 1580, 3481, 5048, 4709.700195, 309.095581
R, 1580, 1994, 11816, 4916.560059, 1648.598511
S, 1590, 3201, 5014, 4750.479980, 257.452820
R, 1590, 2340, 9604, 4959.240234, 1551.626343
S, 1600, 3567, 5001, 4760.500000, 277.304443
R, 1600, 2429, 8956, 4987.089844, 1606.686890
S, 1610, 3567, 5078, 4752.169922, 319.935974
R, 1610, 2397, 8096, 4927.339844, 1382.800049
S, 1620, 3308, 5067, 4833.140137, 241.835526
R, 1620, 2363, 7835, 5028.310059, 1291.016602
S, 1630, 3537, 5138, 4890.589844, 220.932068
R, 1630, 2288, 9283, 5322.770020, 1514.814575
S, 1640, 3753, 5204, 4887.620117, 262.845184
R, 1640, 2301, 9249, 5018.399902, 1324.588379
S, 1650, 3830, 5239, 4904.240234, 318.530579
R, 1650, 2303, 8829, 5033.310059, 1625.341797
S, 1660, 3846, 5243, 4950.180176, 279.768158
R, 1660, 2599, 9290, 5155.390137, 1527.635010
S, 1670, 3483, 5247, 4986.520020, 310.744415
R, 1670, 2701, 9674, 5351.109863, 1377.958374
S, 1680, 3408, 5313, 5035.839844, 279.930481
R, 1680, 2507, 11833, 5303.120117, 1837.583496
S, 1690, 3516, 5361, 5041.839844, 321.485596
R, 1690, 2387, 9480, 5158.479980, 1593.554565
S, 1700, 3505, 5450, 5083.970215, 278.913696
R, 1700, 2457, 11440, 5500.399902, 1862.757324
S, 1710, 3801, 5383, 5123.129883, 249.648163
R, 1710, 2338, 12924, 5384.819824, 1787.350342
S, 1720, 3844, 5456, 5122.080078, 294.970642
R, 1720, 2555, 9383, 5411.049805, 1603.461914
S, 1730, 3821, 5441, 5163.339844, 260.544922
R, 1730, 1729, 9559, 5405.290039, 1538.369751
S, 1740, 4020, 5515, 5204.040039, 272.230194
R, 1740, 2237, 10460, 5532.120117, 1705.120239
S, 1750, 4053, 5509, 5251.080078, 238.524658
R, 1750, 2464, 12587, 5681.430176, 1851.581787
S, 1760, 4119, 5577, 5297.270020, 192.318329
R, 1760, 2579, 9738, 5448.379883, 1762.985718
S, 1770, 3575, 5590, 5271.950195, 281.476715
R, 1770, 2404, 11036, 4958.120117, 1584.373291
S, 1780, 4102, 5607, 5342.419922, 273.542267
R, 1780, 2475, 9615, 5483.060059, 1623.411377
S, 1790, 4184, 5702, 5387.169922, 228.276657
R, 1790, 3069, 11613, 5708.000000, 1670.456177
S, 1800, 3873, 5743, 5399.620117, 249.853134
R, 1800, 2679, 11829, 5868.919922, 1712.570801
S, 1810, 3739, 5756, 5421.069824, 328.736908
R, 1810, 2761, 12264, 5375.240234, 1672.961548
S, 1820, 4232, 5772, 5482.819824, 233.621002
R, 1820, 2402, 11169, 5858.669922, 1978.243408
S, 1830, 3744, 5837, 5451.620117, 354.640808
R, 1830, 2716, 12814, 5495.350098, 1811.127686
S, 1840, 4310, 5884, 5511.729980, 248.629486
R, 1840, 2710, 10400, 5722.470215, 1783.504028
S, 1850, 3840, 5860, 5494.490234, 382.973969
R, 1850, 2606, 11626, 5731.830078, 1611.523438
S, 1860, 4338, 5902, 5576.209961, 251.826279
R, 1860, 2647, 10057, 5833.649902, 1712.657837
S, 1870, 4338, 5961, 5627.609863, 266.423035
R, 1870, 2804, 12372, 5616.870117, 1638.648804
S, 1880, 4330, 5940, 5676.509766, 248.589783
R, 1880, 2747, 9772, 5788.649902, 1632.446167
S, 1890, 4384, 5970, 5684.729980, 245.159225
R, 1890, 2814, 11425, 5744.109863, 1857.763672
S, 1900, 5011, 6077, 5744.370117, 163.926682
R, 1900, 2764, 10379, 5957.140137, 1775.759399
S, 1910, 4394, 6081, 5733.750000, 269.144836
R, 1910, 2770, 12944, 6070.060059, 1872.308472
S, 1920, 4339, 6112, 5788.609863, 268.394958
R, 1920, 2417, 10125, 5723.580078, 1601.028076
S, 1930, 4015, 6077, 5773.490234, 344.935516
R, 1930, 1929, 12467, 6072.299805, 1875.241577
S, 1940, 3987, 6150, 5800.220215, 394.346863
R, 1940, 2915, 13038, 5832.310059, 1947.715454
S, 1950, 4011, 6194, 5803.439941, 363.770325
R, 1950, 2805, 12971, 6032.390137, 1762.286377
S, 1960, 4506, 6217, 5919.419922, 213.821869
R, 1960, 2633, 12512, 6078.350098, 2081.925049
S, 1970, 4593, 6303, 5963.290039, 259.275726
R, 1970, 2831, 12420, 6073.080078, 1757.721924
S, 1980, 4363, 6382, 5949.470215, 371.930328
R, 1980, 2530, 10665, 5660.250000, 1793.515503
S, 1990, 4599, 6458, 5998.689941, 315.637421
R, 1990, 2973, 14019, 6227.189941, 1968.426147
S, 2000, 4619, 6459, 5996.870117, 310.491211
R, 2000, 2636, 13255, 6287.100098, 1990.361816
S, 2010, 4658, 6383, 6086.470215, 262.481079
R, 2010, 2656, 10961, 6356.970215, 1954.704468
S, 2020, 4484, 6530, 6061.220215, 352.893066
R, 2020, 2601, 13218, 5964.990234, 1790.791870
S, 2030, 4736, 6547, 6180.439941, 280.160889
R, 2030, 2788, 10487, 6720.669922, 1687.687134
S, 2040, 4740, 6600, 6157.580078, 308.090210
R, 2040, 2906, 13406, 6412.919922, 2093.450195
S, 2050, 4696, 6568, 6204.359863, 278.414581
R, 2050, 2693, 10290, 6373.100098, 1782.400391
S, 2060, 4829, 6586, 6283.759766, 212.215012
R, 2060, 2595, 14347, 6616.509766, 2252.354980
S, 2070, 4819, 6576, 6231.569824, 341.744812
R, 2070, 2667, 12226, 6553.950195, 1919.408447
S, 2080, 4845, 6652, 6275.100098, 349.592285
R, 2080, 2971, 13134, 6306.709961, 1987.404663
S, 2090, 4792, 6656, 6313.669922, 292.472412
R, 2090, 2733, 10861, 6208.240234, 1789.678467
S, 2100, 4857, 6710, 6347.580078, 363.360901
R, 2100, 3418, 14237, 6742.430176, 2156.828125
S, 2110, 4831, 6706, 6392.229980, 334.783325
R, 2110, 2710, 13683, 6288.950195, 2025.267700
S, 2120, 4380, 6770, 6362.950195, 412.442505
R, 2120, 3368, 13487, 6769.049805, 2337.195801
S, 2130, 5034, 6789, 6511.000000, 214.771973
R, 2130, 2876, 12556, 6616.919922, 1927.915649
S, 2140, 4972, 6936, 6492.459961, 290.261353
R, 2140, 3053, 12034, 6417.790039, 1816.942261
S, 2150, 4944, 6839, 6439.810059, 407.610596
R, 2150, 2865, 12993, 6600.560059, 1937.033569
S, 2160, 4775, 6862, 6556.049805, 340.098450
R, 2160, 3388, 11380, 6419.279785, 1787.390015
S, 2170, 5022, 6959, 6524.459961, 411.098785
R, 2170, 2872, 11333, 6751.279785, 2075.325928
S, 2180, 4613, 6981, 6623.330078, 336.634338
R, 2180, 3273, 13446, 7050.009766, 2244.391846
S, 2190, 5072, 6974, 6589.290039, 334.575531
R, 2190, 2937, 12005, 6463.970215, 1859.426025
S, 2200, 6020, 7019, 6684.810059, 198.842850
R, 2200, 3322, 15949, 6932.830078, 2367.570801
S, 2210, 4555, 7006, 6628.089844, 435.785522
R, 2210, 2871, 14350, 6746.189941, 2282.157227
S, 2220, 4925, 7118, 6722.879883, 338.062256
R, 2220, 2219, 13085, 6419.430176, 1981.487427
S, 2230, 5097, 7156, 6737.240234, 394.616302
R, 2230, 2963, 11818, 6491.359863, 2029.711060
S, 2240, 4918, 7168, 6765.410156, 372.125549
R, 2240, 3158, 12826, 6603.819824, 1775.134888
S, 2250, 5382, 7198, 6825.520020, 267.081390
R, 2250, 3435, 14770, 7066.180176, 2228.103516
S, 2260, 5331, 7218, 6859.540039, 259.334625
R, 2260, 2943, 12419, 6516.950195, 1889.672974
S, 2270, 5260, 7200, 6835.729980, 368.200531
R, 2270, 3280, 14578, 7077.859863, 2108.772949
S, 2280, 5378, 7328, 6931.189941, 326.934235
R, 2280, 3386, 13482, 6942.740234, 2176.111572
S, 2290, 4788, 7342, 6944.100098, 342.709534
R, 2290, 3141, 14072, 7010.399902, 2080.180176
S, 2300, 4508, 7337, 6947.419922, 383.588867
R, 2300, 2988, 12342, 6709.669922, 1939.146606
S, 2310, 5113, 7295, 6911.990234, 456.783325
R, 2310, 3720, 14866, 6988.850098, 2113.833008
S, 2320, 5388, 7399, 7067.520020, 300.274506
R, 2320, 3182, 12938, 7018.419922, 1957.572388
S, 2330, 5332, 7413, 7079.979980, 346.218842
R, 2330, 3108, 13538, 7342.830078, 2241.295654
S, 2340, 5035, 7481, 7080.899902, 394.426880
R, 2340, 3043, 21862, 7037.529785, 2828.112305
S, 2350, 5573, 7470, 7179.859863, 295.412170
R, 2350, 3418, 14172, 7468.009766, 2440.369385
S, 2360, 5588, 7502, 7202.060059, 259.374084
R, 2360, 3236, 15791, 7249.359863, 2256.801514
S, 2370, 5746, 7613, 7194.520020, 291.365204
R, 2370, 3386, 13510, 7009.419922, 2231.475830
S, 2380, 5623, 7688, 7246.459961, 317.839630
R, 2380, 3332, 15412, 7672.649902, 2444.285400
S, 2390, 5675, 7619, 7210.299805, 326.148315
R, 2390, 3733, 17513, 7610.390137, 2446.537598
S, 2400, 4971, 7682, 7273.439941, 443.201324
R, 2400, 3522, 13285, 7418.799805, 2175.588623
S, 2410, 5271, 7647, 7305.879883, 321.687958
R, 2410, 3030, 20156, 7586.379883, 2677.738770
S, 2420, 5571, 7786, 7339.649902, 380.803497
R, 2420, 3446, 13824, 7747.299805, 2136.989990
S, 2430, 5674, 7733, 7372.770020, 391.405457
R, 2430, 3515, 14153, 7603.430176, 2139.448975
S, 2440, 5744, 7836, 7423.870117, 308.649445
R, 2440, 3282, 12937, 7572.240234, 2053.410400
S, 2450, 5130, 7832, 7395.080078, 457.469818
R, 2450, 3577, 14081, 7585.390137, 2195.724121
S, 2460, 5727, 7858, 7508.959961, 271.050385
R, 2460, 3232, 14668, 7447.979980, 2180.125244
S, 2470, 5201, 7845, 7524.060059, 377.322449
R, 2470, 3693, 13118, 7469.740234, 2287.029785
S, 2480, 5552, 7992, 7520.149902, 448.973785
R, 2480, 3721, 15179, 7946.950195, 2355.041992
S, 2490, 5854, 7977, 7584.270020, 383.646027
R, 2490, 3326, 15907, 7660.129883, 2345.666992
S, 2500, 5229, 8108, 7532.899902, 477.308136
R, 2500, 3165, 14134, 7695.279785, 2272.869873
S, 2510, 5900, 8063, 7590.459961, 431.524719
R, 2510, 3326, 13150, 7630.770020, 2230.323975
S, 2520, 6025, 8186, 7679.919922, 329.718048
R, 2520, 3546, 14170, 8190.839844, 2372.060303
S, 2530, 5972, 8076, 7747.100098, 280.506836
R, 2530, 3514, 17403, 8275.209961, 2604.776367
S, 2540, 5936, 8182, 7733.520020, 393.913818
R, 2540, 2539, 13924, 7934.680176, 2179.534424
S, 2550, 5341, 8151, 7712.549805, 523.632996
R, 2550, 3306, 17117, 8073.220215, 2769.211426
S, 2560, 6105, 8229, 7853.450195, 263.628571
R, 2560, 3959, 14821, 8179.020020, 2287.520752
S, 2570, 5355, 8211, 7726.209961, 512.838806
R, 2570, 3831, 14768, 8037.770020, 2517.766602
S, 2580, 7042, 8313, 7936.180176, 221.919388
R, 2580, 3784, 14520, 8441.469727, 2532.793945
S, 2590, 5797, 8311, 7897.100098, 455.396576
R, 2590, 3452, 16466, 8571.559570, 2627.453125
S, 2600, 5974, 8326, 7922.819824, 463.898743
R, 2600, 4070, 18369, 8426.500000, 2488.664307
S, 2610, 5292, 8442, 7910.109863, 510.499695
R, 2610, 3789, 14281, 7918.370117, 2143.843018
S, 2620, 6133, 8406, 7985.140137, 371.694763
R, 2620, 3627, 18726, 8017.859863, 2794.818604
S, 2630, 5409, 8505, 8083.279785, 337.686127
R, 2630, 4021, 15952, 8013.020020, 2498.261475
S, 2640, 6226, 8462, 8024.490234, 417.890503
R, 2640, 3736, 21774, 8584.780273, 2950.729248
S, 2650, 6340, 8521, 8146.060059, 277.275177
R, 2650, 2649, 14790, 7798.490234, 2350.587646
S, 2660, 6229, 8528, 8105.799805, 379.301361
R, 2660, 4486, 15451, 8254.690430, 2418.091309
S, 2670, 5585, 8601, 8127.540039, 390.938507
R, 2670, 4102, 21980, 8245.230469, 2721.425781
S, 2680, 6015, 8595, 8193.429688, 356.322815
R, 2680, 3495, 18537, 8415.129883, 2623.029785
S, 2690, 5962, 8602, 8145.729980, 462.492249
R, 2690, 2689, 14286, 8659.980469, 2466.614258
S, 2700, 6505, 8587, 8277.879883, 281.084778
R, 2700, 4102, 14788, 8322.269531, 2372.979004
S, 2710, 6218, 8642, 8246.719727, 421.281097
R, 2710, 3717, 17258, 8170.169922, 2678.226807
S, 2720, 6408, 8712, 8353.809570, 299.709290
R, 2720, 4059, 13013, 8316.290039, 2033.947876
S, 2730, 6382, 8748, 8358.000000, 366.513306
R, 2730, 3815, 15723, 8230.879883, 2484.396240
S, 2740, 6376, 8733, 8325.450195, 451.848480
R, 2740, 3757, 15708, 8557.089844, 2599.305664
S, 2750, 5722, 8758, 8313.730469, 557.413391
R, 2750, 3987, 18434, 8779.309570, 2468.994141
S, 2760, 6577, 8852, 8437.410156, 320.945251
R, 2760, 4493, 15669, 8422.059570, 2160.861084
S, 2770, 6445, 8853, 8517.709961, 320.164063
R, 2770, 3673, 15600, 8442.400391, 2396.813721
S, 2780, 6532, 8854, 8528.730469, 323.129364
R, 2780, 3897, 16430, 8057.890137, 2526.929932
S, 2790, 6185, 8881, 8490.849609, 502.044739
R, 2790, 4427, 14548, 8209.469727, 1940.348145
S, 2800, 6613, 8984, 8539.790039, 455.581055
R, 2800, 3855, 14676, 8144.479980, 2232.336426
S, 2810, 5855, 9098, 8571.219727, 507.685333
R, 2810, 4346, 15647, 8545.139648, 2522.700928
S, 2820, 6500, 9199, 8559.870117, 490.697021
R, 2820, 4242, 15017, 8837.839844, 2382.213135
S, 2830, 6708, 9099, 8721.410156, 262.581207
R, 2830, 4153, 20699, 9021.519531, 3013.926514
S, 2840, 6721, 9074, 8732.620117, 305.643402
R, 2840, 4418, 18055, 8980.179688, 2682.481934
S, 2850, 6649, 9153, 8672.599609, 508.165344
R, 2850, 3865, 17637, 8525.610352, 2911.482178
S, 2860, 5993, 9229, 8720.589844, 494.692596
R, 2860, 4723, 15992, 9250.129883, 2758.263428
S, 2870, 5981, 9160, 8761.969727, 456.200073
R, 2870, 3859, 16788, 8851.059570, 2824.907959
S, 2880, 6063, 9172, 8752.849609, 529.036621
R, 2880, 3797, 17016, 9096.490234, 2683.767822
S, 2890, 6093, 9343, 8683.849609, 606.428833
R, 2890, 3983, 21639, 9132.080078, 3128.387695
S, 2900, 6750, 9222, 8863.429688, 408.967194
R, 2900, 3708, 19152, 8918.299805, 2735.089111
S, 2910, 5994, 9441, 8830.839844, 533.107544
R, 2910, 3789, 13944, 8596.179688, 2465.294922
S, 2920, 6795, 9393, 8924.910156, 425.538147
R, 2920, 4225, 17506, 8785.179688, 2847.198242
S, 2930, 6875, 9392, 8933.740234, 467.201691
R, 2930, 3822, 18291, 9107.139648, 2588.304443
S, 2940, 6199, 9494, 8919.940430, 572.194641
R, 2940, 3909, 15988, 8956.169922, 2599.165283
S, 2950, 6560, 9472, 8981.070313, 510.129425
R, 2950, 4056, 16178, 8994.269531, 2578.482422
S, 2960, 6923, 9514, 9049.139648, 468.623108
R, 2960, 4486, 17633, 9359.179688, 2640.288574
S, 2970, 6144, 9518, 9080.219727, 517.789246
R, 2970, 4039, 15235, 8936.150391, 2481.301270
S, 2980, 7015, 9601, 9048.490234, 511.289032
R, 2980, 4529, 23944, 9457.639648, 3117.017090
S, 2990, 7068, 9527, 9135.120117, 480.962006
R, 2990, 4721, 18763, 9263.500000, 2818.031982
S, 3000, 6679, 9596, 9076.059570, 573.395752
R, 3000, 4033, 16989, 9352.750000, 3103.371582
S, 3010, 7032, 9597, 9170.240234, 451.253845
R, 3010, 4213, 18333, 8967.629883, 2688.465332
S, 3020, 6129, 9677, 9252.849609, 398.324127
R, 3020, 4065, 21125, 9716.500000, 3025.603271
S, 3030, 6183, 9713, 9299.379883, 399.987244
R, 3030, 4061, 20534, 9093.530273, 2740.346436
S, 3040, 7087, 9734, 9339.179688, 360.991364
R, 3040, 4214, 16836, 9431.330078, 2717.115479
S, 3050, 7115, 9778, 9313.900391, 405.082092
R, 3050, 4328, 18388, 9203.849609, 3039.419678
S, 3060, 6826, 9872, 9362.099609, 509.630157
R, 3060, 4732, 20792, 9624.820313, 3231.375244
S, 3070, 7215, 9818, 9362.259766, 408.896179
R, 3070, 4172, 18727, 9643.129883, 2831.729980
S, 3080, 7382, 9955, 9418.910156, 414.839081
R, 3080, 4593, 17483, 9335.780273, 2604.944336
S, 3090, 6889, 9948, 9459.019531, 455.409180
R, 3090, 4408, 18285, 10015.339844, 2989.110840
S, 3100, 6932, 10011, 9517.679688, 416.025665
R, 3100, 5168, 17141, 9485.259766, 2613.242920
S, 3110, 7253, 9996, 9582.610352, 393.846222
R, 3110, 4558, 18760, 9358.450195, 2716.986816
S, 3120, 6973, 9959, 9607.150391, 394.954895
R, 3120, 4289, 20518, 9465.049805, 3463.456055
S, 3130, 6504, 10096, 9595.500000, 448.842682
R, 3130, 4672, 15800, 9543.870117, 2581.202637
S, 3140, 7273, 10071, 9673.580078, 360.100647
R, 3140, 4648, 19683, 10185.169922, 3354.207275
S, 3150, 7296, 10105, 9656.389648, 411.663635
R, 3150, 4466, 22643, 9787.870117, 3190.759033
S, 3160, 7364, 10157, 9707.280273, 395.602936
R, 3160, 4271, 18318, 9858.730469, 3028.766357
S, 3170, 9373, 10257, 9839.030273, 170.279999
R, 3170, 4646, 24191, 10277.099609, 3392.958496
S, 3180, 7324, 10205, 9667.250000, 580.115051
R, 3180, 4430, 16054, 9586.440430, 2716.145752
S, 3190, 7637, 10220, 9839.730469, 376.786804
R, 3190, 4296, 21928, 9799.740234, 3420.140869
S, 3200, 7519, 10292, 9714.370117, 564.904602
R, 3200, 4611, 25265, 10128.940430, 3314.110107
S, 3210, 7508, 10370, 9808.400391, 470.762970
R, 3210, 4217, 18166, 9998.169922, 3163.932617
S, 3220, 7653, 10320, 9900.559570, 421.464355
R, 3220, 4055, 21389, 10048.690430, 3151.215088
S, 3230, 7414, 10328, 9900.969727, 505.448792
R, 3230, 4453, 17864, 10217.080078, 3062.429443
S, 3240, 8970, 10396, 10019.830078, 239.142639
R, 3240, 4503, 21232, 10455.250000, 3057.683350
S, 3250, 7651, 10431, 9938.099609, 432.499878
R, 3250, 4442, 24559, 10523.490234, 3601.401123
S, 3260, 7767, 10516, 10104.940430, 300.218109
R, 3260, 4202, 19542, 10252.219727, 3574.547607
S, 3270, 7588, 10527, 9989.740234, 492.587097
R, 3270, 4960, 17559, 10251.750000, 2931.815430
S, 3280, 7332, 10557, 10099.110352, 436.112488
R, 3280, 5102, 17602, 10024.950195, 2725.430908
S, 3290, 7737, 10532, 10183.940430, 343.996124
R, 3290, 4330, 22279, 10012.089844, 3226.726074
S, 3300, 7474, 10561, 10127.750000, 439.308472
R, 3300, 4859, 21925, 10771.429688, 3213.303467
S, 3310, 7656, 10622, 10159.179688, 494.889954
R, 3310, 4741, 18024, 10257.900391, 2909.111084
S, 3320, 7758, 10663, 10180.950195, 472.581329
R, 3320, 5178, 16943, 10283.019531, 2831.995361
S, 3330, 7835, 10652, 10164.150391, 646.713867
R, 3330, 4545, 19328, 10015.799805, 2807.612793
S, 3340, 7421, 10712, 10294.400391, 382.309570
R, 3340, 4876, 18831, 10315.419922, 3015.058105
S, 3350, 7492, 10682, 10286.570313, 530.531067
R, 3350, 3349, 20675, 10531.580078, 3581.270752
S, 3360, 7120, 10846, 10360.030273, 387.665741
R, 3360, 4817, 21046, 10969.980469, 3503.260254
S, 3370, 7960, 10773, 10334.290039, 456.466187
R, 3370, 4692, 18935, 10561.129883, 3074.303711
S, 3380, 8002, 10809, 10397.580078, 447.562866
R, 3380, 5331, 21275, 10568.620117, 3263.852539
S, 3390, 8006, 10861, 10471.669922, 334.390564
R, 3390, 5476, 22085, 10459.709961, 2980.471680
S, 3400, 7946, 10908, 10403.209961, 513.028748
R, 3400, 3399, 22391, 11137.620117, 3416.746094
S, 3410, 8136, 10931, 10520.730469, 320.284882
R, 3410, 4913, 22327, 10462.099609, 3260.500488
S, 3420, 8023, 11058, 10479.009766, 530.481201
R, 3420, 5306, 19796, 10784.580078, 3245.436279
S, 3430, 8069, 11051, 10468.080078, 542.442139
R, 3430, 4687, 21401, 10648.870117, 3361.024414
S, 3440, 8065, 11021, 10487.990234, 587.697937
R, 3440, 4756, 19794, 10506.009766, 3259.910156
S, 3450, 8080, 11107, 10588.139648, 380.024719
R, 3450, 5274, 24382, 10770.219727, 3471.655273
S, 3460, 7659, 11143, 10590.139648, 592.889709
R, 3460, 5257, 25420, 10655.370117, 3258.500244
S, 3470, 8169, 11202, 10671.330078, 443.145996
R, 3470, 5010, 23066, 10563.830078, 2891.635986
S, 3480, 8129, 11190, 10602.410156, 613.118958
R, 3480, 4682, 23808, 10739.959961, 3007.547119
S, 3490, 8147, 11326, 10661.360352, 690.561707
R, 3490, 3489, 19549, 10727.530273, 3356.261963
S, 3500, 8342, 11196, 10759.660156, 376.405792
R, 3500, 5165, 21266, 11135.480469, 3433.785400
S, 3510, 8253, 11255, 10739.660156, 505.271942
R, 3510, 5263, 19853, 11042.110352, 3282.556152
S, 3520, 8328, 11333, 10783.120117, 505.229187
R, 3520, 5051, 23537, 10939.500000, 3597.861084
S, 3530, 8395, 11469, 10833.530273, 425.616974
R, 3530, 4889, 19681, 10923.019531, 3158.340820
S, 3540, 8455, 11339, 10892.820313, 377.159973
R, 3540, 4840, 21439, 10911.669922, 3272.895264
S, 3550, 7468, 11434, 10841.500000, 688.184387
R, 3550, 5333, 18607, 10894.540039, 3232.594727
S, 3560, 8211, 11432, 10848.150391, 656.360474
R, 3560, 5127, 27682, 11004.940430, 3791.891113
S, 3570, 8462, 11418, 10996.269531, 351.021942
R, 3570, 5553, 18751, 10892.459961, 2981.926270
S, 3580, 7973, 11448, 11008.900391, 471.533875
R, 3580, 5057, 23270, 11193.500000, 3592.314697
S, 3590, 8460, 11517, 10995.400391, 498.335480
R, 3590, 5465, 20103, 11260.179688, 3279.763672
S, 3600, 8422, 11515, 11058.360352, 407.855774
R, 3600, 5313, 20642, 11447.080078, 3461.570313
S, 3610, 9953, 11651, 11117.519531, 335.749115
R, 3610, 4790, 21697, 11396.320313, 3360.254150
S, 3620, 8419, 11651, 11094.230469, 518.152771
R, 3620, 5332, 22220, 11121.450195, 3426.018311
S, 3630, 8568, 11688, 11152.459961, 504.647217
R, 3630, 5821, 24062, 11296.000000, 3457.261230
S, 3640, 8656, 11692, 11158.070313, 414.143585
R, 3640, 5638, 23398, 11730.860352, 3410.497314
S, 3650, 8169, 11752, 11153.370117, 605.923279
R, 3650, 4781, 22400, 11373.190430, 3309.599854
S, 3660, 8239, 11774, 11273.429688, 529.965149
R, 3660, 4922, 23835, 11676.009766, 4150.719727
S, 3670, 8631, 11789, 11214.879883, 532.027466
R, 3670, 4712, 19401, 11625.820313, 2900.319580
S, 3680, 10038, 11982, 11339.250000, 303.462402
R, 3680, 5807, 26908, 11417.980469, 3575.630127
S, 3690, 8551, 11784, 11315.160156, 547.019775
R, 3690, 4709, 21496, 11667.230469, 3690.867188
S, 3700, 8124, 11872, 11316.629883, 634.589722
R, 3700, 5123, 25609, 12087.400391, 3760.833984
S, 3710, 8332, 11922, 11371.650391, 555.754822
R, 3710, 5501, 23101, 11570.280273, 3377.808594
S, 3720, 7726, 11884, 11370.549805, 627.978638
R, 3720, 5748, 21469, 11546.139648, 3392.606445
S, 3730, 8773, 11948, 11454.360352, 469.166229
R, 3730, 5671, 23985, 11872.339844, 3736.860107
S, 3740, 8707, 12018, 11495.059570, 514.584778
R, 3740, 4824, 21041, 11443.089844, 3451.738037
S, 3750, 8774, 12046, 11487.280273, 594.043701
R, 3750, 4796, 26660, 11743.719727, 3523.074707
S, 3760, 8858, 12165, 11623.959961, 473.576630
R, 3760, 5216, 31723, 11828.660156, 3955.146484
S, 3770, 9047, 12100, 11632.919922, 425.175354
R, 3770, 5093, 21195, 11614.370117, 3615.666748
S, 3780, 8749, 12068, 11524.580078, 638.866211
R, 3780, 5421, 25051, 11156.549805, 3667.217529
S, 3790, 10088, 12150, 11745.589844, 267.610199
R, 3790, 5324, 21898, 11751.849609, 3534.316162
S, 3800, 8889, 12146, 11689.610352, 476.958923
R, 3800, 4886, 22878, 11618.360352, 3663.096924
S, 3810, 9059, 12240, 11710.610352, 520.712219
R, 3810, 5650, 24957, 12263.120117, 3958.025391
S, 3820, 8496, 12278, 11743.190430, 610.997986
R, 3820, 5720, 17557, 11394.309570, 2950.451660
S, 3830, 9128, 12361, 11800.910156, 413.288635
R, 3830, 5106, 22294, 11995.419922, 3325.221924
S, 3840, 9257, 12390, 11873.910156, 356.473846
R, 3840, 5139, 24688, 12083.469727, 3668.717285
S, 3850, 9056, 12470, 11878.129883, 412.211700
R, 3850, 5681, 19876, 11844.019531, 3169.272705
S, 3860, 9119, 12321, 11875.509766, 489.043762
R, 3860, 5216, 22750, 11854.980469, 3715.104004
S, 3870, 9109, 12420, 11912.969727, 504.729919
R, 3870, 5447, 18326, 11243.419922, 3011.496094
S, 3880, 9290, 12456, 11955.589844, 495.224670
R, 3880, 5301, 22284, 11991.839844, 3908.591797
S, 3890, 9368, 12625, 11981.950195, 497.889069
R, 3890, 5821, 19974, 11815.780273, 3178.798584
S, 3900, 9239, 12653, 11960.740234, 632.206482
R, 3900, 3899, 23346, 12261.719727, 4171.651855
S, 3910, 8183, 12485, 12023.650391, 678.309143
R, 3910, 5172, 22109, 12553.669922, 3691.303711
S, 3920, 7687, 12685, 12089.959961, 646.755066
R, 3920, 5020, 19290, 12012.719727, 3655.700928
S, 3930, 9160, 12731, 12132.730469, 536.062866
R, 3930, 6127, 25696, 12150.730469, 3861.639648
S, 3940, 8886, 12621, 12057.799805, 623.788330
R, 3940, 5827, 24717, 12252.980469, 3796.820557
S, 3950, 9160, 12750, 12115.179688, 664.750427
R, 3950, 5721, 24584, 12398.929688, 4236.387207
S, 3960, 9324, 12709, 12206.330078, 520.417175
R, 3960, 5093, 21264, 12198.509766, 3749.170410
S, 3970, 9170, 12783, 12193.639648, 586.187805
R, 3970, 5699, 24302, 12408.929688, 3824.962158
S, 3980, 9384, 12795, 12221.110352, 547.092102
R, 3980, 5378, 22949, 11527.809570, 3743.103271
S, 3990, 8481, 12832, 12257.860352, 586.688660
R, 3990, 5719, 20963, 11746.820313, 3678.574219
S, 4000, 9332, 12883, 12400.019531, 412.712524
R, 4000, 6101, 25754, 12285.759766, 3811.512451
S, 4010, 9444, 12960, 12378.910156, 591.384277
R, 4010, 5335, 27090, 12631.620117, 4548.478027
S, 4020, 9528, 12981, 12375.400391, 592.817993
R, 4020, 5158, 24894, 13009.530273, 4140.565430
S, 4030, 11504, 13063, 12557.330078, 260.256226
R, 4030, 5766, 22030, 12611.870117, 3542.132080
S, 4040, 9365, 12958, 12450.870117, 538.584534
R, 4040, 6424, 25444, 13090.620117, 3979.007080
S, 4050, 9092, 13095, 12451.400391, 658.522827
R, 4050, 5907, 25752, 12848.099609, 3660.465576
S, 4060, 9318, 13107, 12496.519531, 658.452454
R, 4060, 6482, 24265, 13286.099609, 3774.209961
S, 4070, 9496, 13153, 12543.780273, 664.427917
R, 4070, 5908, 23291, 12258.370117, 3964.096191
S, 4080, 9650, 13198, 12630.139648, 427.444092
R, 4080, 4079, 25774, 12250.540039, 3912.549561
S, 4090, 9475, 13213, 12549.450195, 681.941223
R, 4090, 6833, 25733, 12966.629883, 3798.780518
S, 4100, 11244, 13225, 12764.339844, 318.917480
R, 4100, 5535, 23638, 12205.330078, 4015.656982
S, 4110, 9758, 13344, 12647.530273, 564.363342
R, 4110, 5172, 31540, 12346.910156, 4328.778320
S, 4120, 9796, 13320, 12696.519531, 662.981018
R, 4120, 6273, 22039, 12483.070313, 3486.528809
S, 4130, 9567, 13294, 12739.379883, 554.047119
R, 4130, 5624, 25693, 12190.379883, 3523.130127
S, 4140, 9968, 13260, 12908.580078, 357.368683
R, 4140, 5723, 22408, 13156.290039, 3921.785400
S, 4150, 9898, 13387, 12825.969727, 457.336395
R, 4150, 6102, 24677, 13166.660156, 3894.912109
S, 4160, 9724, 13351, 12858.669922, 659.854431
R, 4160, 5702, 23112, 12768.330078, 3642.509521
S, 4170, 9952, 13505, 12926.459961, 480.359100
R, 4170, 5685, 26929, 12685.900391, 4321.767578
S, 4180, 9863, 13560, 12985.900391, 508.132904
R, 4180, 5830, 25909, 12892.809570, 3724.962891
S, 4190, 8827, 13425, 12920.540039, 613.694641
R, 4190, 7044, 24047, 13133.820313, 4205.388672
S, 4200, 11793, 13594, 13065.309570, 313.722534
R, 4200, 6601, 26955, 12564.790039, 3483.633057
S, 4210, 8816, 13674, 12958.440430, 727.410217
R, 4210, 6189, 27635, 12973.459961, 3785.476563
S, 4220, 9814, 13656, 13035.849609, 599.507263
R, 4220, 6034, 23631, 13229.639648, 3832.604736
S, 4230, 9771, 13659, 13135.169922, 480.132416
R, 4230, 5969, 27944, 13398.160156, 4206.375000
S, 4240, 10123, 13853, 13189.160156, 448.024963
R, 4240, 4239, 21973, 13183.809570, 3888.863770
S, 4250, 10136, 13831, 13181.070313, 520.854492
R, 4250, 6489, 28015, 13809.129883, 3894.050293
S, 4260, 10177, 13640, 13102.500000, 601.037231
R, 4260, 6047, 25961, 12986.339844, 4334.968750
S, 4270, 10011, 13750, 13204.129883, 563.526428
R, 4270, 5678, 22118, 12941.969727, 3706.251465
S, 4280, 11929, 13808, 13310.980469, 349.889923
R, 4280, 6016, 24453, 12552.980469, 3576.258545
S, 4290, 10202, 13882, 13307.639648, 525.226624
R, 4290, 6117, 28652, 14148.349609, 4742.295898
S, 4300, 10188, 13829, 13155.959961, 765.755493
R, 4300, 5918, 26297, 13374.190430, 3974.958496
S, 4310, 10104, 13851, 13341.110352, 587.025208
R, 4310, 5512, 27196, 13100.099609, 4107.803223
S, 4320, 10113, 13938, 13438.110352, 452.095306
R, 4320, 6154, 24865, 13564.780273, 4158.799805
S, 4330, 10139, 13926, 13414.650391, 531.250305
R, 4330, 6688, 24153, 12746.769531, 3643.202148
S, 4340, 10377, 14023, 13457.339844, 546.395752
R, 4340, 6263, 28986, 13693.320313, 4039.604248
S, 4350, 10473, 13939, 13513.139648, 430.089355
R, 4350, 5743, 23782, 13710.580078, 3862.493652
S, 4360, 10366, 13991, 13504.660156, 573.573059
R, 4360, 5807, 30992, 14068.019531, 4588.864258
S, 4370, 10286, 14009, 13551.160156, 545.932617
R, 4370, 6044, 24110, 12910.809570, 3713.259033
S, 4380, 12357, 14111, 13666.429688, 314.037567
R, 4380, 6549, 24476, 14086.740234, 4187.540039
S, 4390, 10428, 14327, 13523.629883, 658.928528
R, 4390, 5844, 27018, 13915.780273, 4391.107910
S, 4400, 10373, 14213, 13595.549805, 586.066101
R, 4400, 6840, 26553, 13306.589844, 3775.492920
S, 4410, 10434, 14241, 13569.849609, 678.160461
R, 4410, 5763, 31059, 13243.959961, 4234.451660
S, 4420, 10299, 14224, 13550.799805, 789.734558
R, 4420, 6674, 24995, 14193.990234, 3596.278320
S, 4430, 10372, 14271, 13681.360352, 687.309937
R, 4430, 6628, 27051, 13967.269531, 4145.137695
S, 4440, 12398, 14477, 13851.509766, 310.324371
R, 4440, 5692, 25166, 13763.450195, 4451.438965
S, 4450, 9221, 14313, 13673.599609, 849.622131
R, 4450, 6228, 22629, 13794.330078, 3367.452637
S, 4460, 10632, 14377, 13864.879883, 540.741943
R, 4460, 6086, 29947, 13624.849609, 3868.045654
S, 4470, 9400, 14437, 13747.690430, 804.348083
R, 4470, 5782, 28841, 14508.700195, 4191.702637
S, 4480, 10623, 14384, 13882.019531, 491.656128
R, 4480, 6598, 24574, 13914.440430, 4122.645020
S, 4490, 10652, 14595, 13939.900391, 471.483948
R, 4490, 6538, 24383, 13531.440430, 3768.831055
S, 4500, 10521, 14484, 13938.379883, 642.120117
R, 4500, 7231, 31249, 14422.969727, 4361.877441
S, 4510, 12650, 14555, 14084.290039, 304.351929
R, 4510, 6950, 23371, 13599.040039, 3632.808105
S, 4520, 10740, 14526, 14039.740234, 454.715454
R, 4520, 7372, 32112, 14579.750000, 4486.333984
S, 4530, 10098, 14537, 14081.709961, 483.525146
R, 4530, 5979, 28653, 14398.049805, 4629.312012
S, 4540, 9551, 14704, 14108.889648, 565.558899
R, 4540, 6419, 28582, 14414.129883, 4994.143555
S, 4550, 10890, 14638, 14113.809570, 477.991028
R, 4550, 6227, 24831, 14411.669922, 4139.687988
S, 4560, 10960, 14697, 14164.980469, 429.921295
R, 4560, 7526, 30987, 14829.280273, 4815.272461
S, 4570, 10895, 14651, 14073.750000, 794.295227
R, 4570, 6256, 25563, 14188.120117, 4402.687988
S, 4580, 10834, 14828, 14231.440430, 524.693542
R, 4580, 6970, 22182, 14016.059570, 4048.277832
S, 4590, 11048, 14753, 14260.269531, 488.533417
R, 4590, 6846, 29838, 14675.589844, 4652.408203
S, 4600, 10545, 14893, 14202.690430, 650.624756
R, 4600, 7068, 24728, 14074.769531, 4111.636230
S, 4610, 10404, 14910, 14207.459961, 708.226990
R, 4610, 5982, 28266, 14052.830078, 4573.171875
S, 4620, 12899, 14878, 14367.480469, 347.702423
R, 4620, 7435, 25042, 14696.429688, 4523.109863
S, 4630, 11017, 15057, 14364.450195, 517.913696
R, 4630, 6362, 27561, 14458.400391, 4021.637695
S, 4640, 10963, 15011, 14360.769531, 681.887451
R, 4640, 6031, 30507, 15051.219727, 5070.370605
S, 4650, 11082, 14990, 14365.040039, 640.219238
R, 4650, 7215, 27888, 14235.089844, 4460.325684
S, 4660, 10990, 14990, 14390.599609, 685.217407
R, 4660, 4659, 29727, 14281.639648, 4765.465820
S, 4670, 11115, 15038, 14523.639648, 480.136810
R, 4670, 6771, 25496, 13737.490234, 3960.612305
S, 4680, 11131, 15177, 14458.730469, 630.042236
R, 4680, 7200, 29990, 15209.610352, 4506.639648
S, 4690, 13269, 15087, 14615.299805, 301.893402
R, 4690, 6016, 25479, 14727.070313, 4078.288818
S, 4700, 11156, 15264, 14483.839844, 785.192566
R, 4700, 7248, 29179, 13814.709961, 4473.669922
S, 4710, 10025, 15250, 14604.870117, 700.543274
R, 4710, 7494, 29102, 14550.110352, 4439.731445
S, 4720, 11128, 15376, 14602.990234, 701.156311
R, 4720, 6261, 29085, 14520.169922, 5077.082031
S, 4730, 11173, 15379, 14589.519531, 836.975403
R, 4730, 6686, 25398, 14281.429688, 4360.027344
S, 4740, 10446, 15300, 14640.299805, 696.360291
R, 4740, 6372, 31419, 15203.650391, 4458.664063
S, 4750, 11210, 15374, 14717.809570, 612.210327
R, 4750, 6444, 28852, 15234.370117, 4530.334961
S, 4760, 13117, 15511, 14847.669922, 426.269745
R, 4760, 7248, 27268, 14235.360352, 4165.099121
S, 4770, 11094, 15381, 14714.469727, 846.884094
R, 4770, 6741, 31114, 14790.730469, 4575.711914
S, 4780, 10712, 15367, 14756.049805, 830.384338
R, 4780, 6670, 27232, 14969.570313, 4400.255859
S, 4790, 11305, 15445, 14873.049805, 618.648132
R, 4790, 7002, 34188, 14779.919922, 4838.981445
S, 4800, 11397, 15393, 14811.009766, 685.604614
R, 4800, 7137, 27809, 15184.070313, 4751.445313
S, 4810, 10177, 15560, 14863.559570, 740.694885
R, 4810, 7183, 25385, 14340.389648, 3895.838867
S, 4820, 11537, 15492, 14992.709961, 499.031097
R, 4820, 7508, 30688, 15717.860352, 5150.158203
S, 4830, 11409, 15715, 15003.000000, 545.152283
R, 4830, 7041, 30210, 15712.429688, 4697.802246
S, 4840, 11452, 15618, 14957.190430, 680.992249
R, 4840, 7282, 26144, 14933.549805, 4175.136230
S, 4850, 11296, 15654, 15062.309570, 553.402588
R, 4850, 6701, 27602, 14090.790039, 4322.201660
S, 4860, 11490, 15660, 15056.919922, 703.348022
R, 4860, 7653, 28883, 15257.389648, 4484.936035
S, 4870, 11687, 15699, 15172.910156, 460.674927
R, 4870, 6565, 27708, 15217.250000, 4487.000488
S, 4880, 11711, 15773, 15178.379883, 586.556152
R, 4880, 7794, 31592, 15173.440430, 4211.046387
S, 4890, 10286, 15781, 15122.870117, 732.655029
R, 4890, 7667, 27953, 14945.799805, 4394.062988
S, 4900, 11549, 15810, 15195.160156, 629.491699
R, 4900, 7567, 26281, 16040.089844, 4264.014648
S, 4910, 11851, 15881, 15271.929688, 524.308716
R, 4910, 7047, 29813, 15074.120117, 4595.135742
S, 4920, 10401, 15853, 15280.190430, 640.015991
R, 4920, 7083, 27403, 14875.139648, 4493.265625
S, 4930, 11018, 15911, 15308.000000, 688.813477
R, 4930, 6919, 37638, 14938.429688, 4676.838867
S, 4940, 11490, 16158, 15331.059570, 805.811646
R, 4940, 7374, 32215, 15710.379883, 4570.072754
S, 4950, 11158, 15943, 15399.230469, 658.486877
R, 4950, 6518, 34589, 15015.669922, 5144.657227
S, 4960, 11891, 16056, 15292.169922, 756.678955
R, 4960, 6824, 29347, 15934.900391, 5165.185547
S, 4970, 11845, 16023, 15426.480469, 710.811035
R, 4970, 7177, 26759, 14943.269531, 4183.794434
S, 4980, 11730, 16065, 15576.379883, 460.110596
R, 4980, 6492, 26399, 15306.099609, 4123.297852
S, 4990, 11934, 16128, 15551.080078, 519.942688
R, 4990, 7251, 28225, 15893.669922, 4446.531250
S, 5000, 11921, 16166, 15599.889648, 538.920166
R, 5000, 7930, 32784, 15615.519531, 4695.548340
S, 5010, 12086, 16208, 15649.790039, 482.269348
R, 5010, 6584, 30362, 15643.980469, 5039.417969
S, 5020, 12048, 16363, 15703.110352, 491.924072
R, 5020, 6581, 24907, 15369.230469, 4280.547852
S, 5030, 11932, 16316, 15600.950195, 737.054260
R, 5030, 7833, 30036, 16231.620117, 5015.583496
S, 5040, 11871, 16311, 15695.000000, 538.099426
R, 5040, 6894, 28599, 16001.080078, 5337.294922
S, 5050, 12077, 16414, 15746.910156, 644.773254
R, 5050, 7246, 36925, 15573.820313, 5417.694824
S, 5060, 12090, 16372, 15840.160156, 469.568115
R, 5060, 7604, 31533, 15834.070313, 4921.994141
S, 5070, 12175, 16418, 15791.620117, 573.729980
R, 5070, 6658, 28630, 15927.419922, 4960.037109
S, 5080, 14290, 16405, 15894.200195, 385.206635
R, 5080, 7982, 31516, 16229.450195, 5046.226563
S, 5090, 12252, 16475, 15950.009766, 509.592468
R, 5090, 7823, 35038, 15025.879883, 4418.643066
S, 5100, 11951, 16453, 15843.769531, 660.126526
R, 5100, 7576, 31010, 15510.209961, 4923.726563
S, 5110, 12098, 16615, 15885.469727, 838.596191
R, 5110, 7125, 29657, 16095.919922, 4666.533203
S, 5120, 14181, 16551, 16007.280273, 410.641266
R, 5120, 9724, 28266, 16056.759766, 4366.360840
S, 5130, 12362, 16637, 15955.059570, 566.386902
R, 5130, 7358, 36316, 16785.800781, 5837.185059
S, 5140, 12403, 16581, 15998.019531, 624.777649
R, 5140, 6699, 32771, 15776.209961, 5044.902344
S, 5150, 12239, 16641, 16026.440430, 749.126953
R, 5150, 7409, 34453, 17106.800781, 5300.676758
S, 5160, 14542, 16745, 16191.700195, 337.563019
R, 5160, 7735, 36151, 17696.289063, 5538.303711
S, 5170, 12388, 16810, 16081.259766, 659.936646
R, 5170, 8563, 30685, 16433.960938, 4909.125977
S, 5180, 12431, 16879, 16217.509766, 509.753876
R, 5180, 8769, 30137, 16463.199219, 4741.132324
S, 5190, 12235, 16901, 16171.450195, 738.066772
R, 5190, 7253, 34801, 16714.259766, 4571.867188
S, 5200, 12517, 16877, 16254.469727, 606.634888
R, 5200, 7373, 28197, 15702.820313, 5017.775879
S, 5210, 11101, 16976, 16148.280273, 932.791626
R, 5210, 8225, 36392, 16923.810547, 5428.708496
S, 5220, 12394, 16912, 16319.160156, 650.430481
R, 5220, 7263, 31198, 16109.150391, 4934.230957
S, 5230, 12504, 17032, 16215.580078, 812.336609
R, 5230, 7545, 31488, 17096.289063, 5341.347168
S, 5240, 12464, 17049, 16271.179688, 876.123047
R, 5240, 7117, 33573, 15748.660156, 5094.030273
S, 5250, 12532, 17175, 16383.740234, 634.703003
R, 5250, 7851, 35626, 17248.960938, 5048.548340
S, 5260, 11789, 17139, 16311.419922, 964.976746
R, 5260, 7315, 33639, 16274.429688, 5124.378906
S, 5270, 12481, 17187, 16435.039063, 589.795715
R, 5270, 7355, 30573, 15906.849609, 5417.438965
S, 5280, 12710, 17116, 16543.220703, 560.764465
R, 5280, 7998, 40354, 17132.099609, 5148.952148
S, 5290, 12558, 17168, 16511.560547, 726.184753
R, 5290, 7764, 28987, 16424.509766, 4795.683594
S, 5300, 12737, 17145, 16567.080078, 535.478943
R, 5300, 8023, 33901, 16116.259766, 5059.691406
S, 5310, 12474, 17313, 16501.730469, 826.130432
R, 5310, 7468, 34706, 16397.759766, 5118.546875
S, 5320, 12696, 17207, 16603.460938, 654.263611
R, 5320, 8366, 31077, 16328.330078, 4772.227051
S, 5330, 12572, 17204, 16545.769531, 861.351624
R, 5330, 8470, 29879, 16791.810547, 4618.736816
S, 5340, 14762, 17199, 16665.640625, 470.002716
R, 5340, 7993, 33813, 16673.230469, 4421.018066
S, 5350, 12818, 17487, 16768.230469, 534.070190
R, 5350, 6904, 36922, 17435.470703, 6243.407715
S, 5360, 12855, 17365, 16749.080078, 555.521851
R, 5360, 7759, 33529, 16691.119141, 5186.460449
S, 5370, 12927, 17427, 16784.710938, 535.916748
R, 5370, 7819, 39406, 16656.689453, 5239.103027
S, 5380, 12132, 17610, 16708.970703, 856.501038
R, 5380, 7694, 28485, 15571.919922, 4511.549316
S, 5390, 12817, 17433, 16776.939453, 695.216919
R, 5390, 7581, 38732, 16450.330078, 5130.986816
S, 5400, 12638, 17480, 16731.150391, 858.071472
R, 5400, 7637, 29750, 17052.419922, 5023.241699
S, 5410, 13073, 17546, 16966.500000, 493.855988
R, 5410, 7172, 39632, 17556.730469, 5867.475098
S, 5420, 12781, 17691, 16890.460938, 698.210083
R, 5420, 7203, 32135, 16801.330078, 5336.465820
S, 5430, 15637, 17572, 17057.000000, 377.485107
R, 5430, 8138, 28677, 17345.699219, 4920.702148
S, 5440, 12884, 17640, 16994.419922, 683.493591
R, 5440, 7984, 32766, 17155.039063, 5255.551758
S, 5450, 15051, 17730, 17137.910156, 421.999390
R, 5450, 8125, 34083, 17255.369141, 5179.869629
S, 5460, 12923, 17674, 16875.849609, 964.989075
R, 5460, 7811, 32386, 17491.710938, 5015.226563
S, 5470, 12918, 17809, 17092.619141, 769.105286
R, 5470, 7802, 31342, 16536.919922, 5239.646484
S, 5480, 12297, 17706, 17054.089844, 846.737061
R, 5480, 7345, 29370, 16896.630859, 4747.525879
S, 5490, 11689, 17965, 17087.310547, 829.000793
R, 5490, 8370, 31874, 16374.639648, 4829.884277
S, 5500, 12904, 17902, 17109.529297, 735.047791
R, 5500, 8052, 35068, 16381.860352, 5174.438477
S, 5510, 13080, 17745, 17129.039063, 807.041992
R, 5510, 7924, 36320, 17241.929688, 5850.884766
S, 5520, 13200, 17936, 17238.070313, 660.330139
R, 5520, 7389, 33881, 16984.720703, 5707.544434
S, 5530, 13133, 17871, 17267.490234, 678.743713
R, 5530, 7379, 42468, 17060.939453, 5655.280762
S, 5540, 13149, 17994, 17257.019531, 796.741455
R, 5540, 7809, 43641, 16935.949219, 5396.341797
S, 5550, 13052, 18041, 17337.000000, 585.107666
R, 5550, 7505, 31247, 17562.669922, 5314.552246
S, 5560, 13078, 18115, 17380.349609, 752.143250
R, 5560, 8391, 33805, 17617.359375, 5144.868652
S, 5570, 13102, 17967, 17356.230469, 697.274658
R, 5570, 8066, 30831, 17614.490234, 5477.080078
S, 5580, 13365, 18153, 17345.820313, 754.266296
R, 5580, 7138, 30946, 16287.610352, 4833.704102
S, 5590, 13241, 18044, 17458.449219, 616.797302
R, 5590, 7967, 35752, 16025.650391, 4527.279297
S, 5600, 13492, 18132, 17589.689453, 554.322083
R, 5600, 7943, 30185, 16356.259766, 4918.832031
S, 5610, 13204, 18187, 17441.179688, 977.066589
R, 5610, 7717, 32771, 16755.330078, 5021.423340
S, 5620, 16165, 18263, 17663.060547, 320.506042
R, 5620, 8327, 30566, 16544.259766, 4299.765137
S, 5630, 13436, 18141, 17574.509766, 607.630249
R, 5630, 8210, 40851, 17876.900391, 5876.446777
S, 5640, 13209, 18438, 17597.310547, 793.012939
R, 5640, 7363, 37893, 17632.939453, 6308.297363
S, 5650, 13153, 18336, 17631.550781, 720.067383
R, 5650, 8805, 37436, 17832.199219, 5597.931152
S, 5660, 11946, 18408, 17568.119141, 1060.598877
R, 5660, 8946, 34972, 17650.019531, 5627.826172
S, 5670, 13618, 18372, 17734.609375, 700.455811
R, 5670, 8626, 32705, 17198.529297, 5238.097168
S, 5680, 11924, 18420, 17739.509766, 718.220886
R, 5680, 7282, 32668, 17071.349609, 5003.675293
S, 5690, 13625, 18460, 17670.560547, 782.586731
R, 5690, 9379, 30977, 17295.929688, 4604.988770
S, 5700, 13523, 18471, 17830.070313, 706.326172
R, 5700, 7408, 38222, 18264.480469, 6539.562012
S, 5710, 13681, 18475, 17869.480469, 683.640076
R, 5710, 7561, 35212, 17601.609375, 5635.551758
S, 5720, 16364, 18644, 17951.060547, 356.607971
R, 5720, 8267, 37883, 18450.109375, 6076.319336
S, 5730, 16077, 18570, 17972.140625, 441.616760
R, 5730, 8163, 41421, 17610.859375, 5626.562500
S, 5740, 13365, 18604, 18033.710938, 563.891663
R, 5740, 7265, 31305, 18239.279297, 5312.543945
S, 5750, 13677, 18669, 17973.570313, 713.584045
R, 5750, 7852, 44606, 18554.179688, 6319.560547
S, 5760, 13627, 18678, 17901.529297, 924.588989
R, 5760, 8690, 35276, 17776.179688, 5640.911621
S, 5770, 13541, 18872, 17983.810547, 863.721130
R, 5770, 8410, 30453, 17252.640625, 4520.976074
S, 5780, 14109, 18798, 18072.429688, 626.780029
R, 5780, 5779, 40655, 17851.679688, 5663.841309
S, 5790, 13191, 18936, 18090.849609, 742.628052
R, 5790, 7602, 38792, 18569.679688, 5363.072754
S, 5800, 16125, 18794, 18111.789063, 508.952789
R, 5800, 8638, 39471, 18138.519531, 5787.697266
S, 5810, 13734, 18797, 18133.419922, 769.941528
R, 5810, 8247, 34464, 17619.189453, 5272.880371
S, 5820, 14041, 18919, 18161.210938, 718.632935
R, 5820, 7939, 29768, 17067.160156, 5114.867188
S, 5830, 13646, 18882, 18295.189453, 582.404419
R, 5830, 8303, 30135, 18272.759766, 4698.698730
S, 5840, 14031, 19021, 18317.900391, 583.175171
R, 5840, 8212, 38635, 18415.550781, 5891.281738
S, 5850, 13965, 18950, 18281.710938, 614.495911
R, 5850, 8384, 34953, 17902.140625, 5260.468750
S, 5860, 14106, 19016, 18374.630859, 592.010803
R, 5860, 9256, 32333, 17805.679688, 4927.750977
S, 5870, 13950, 18947, 18311.410156, 728.111328
R, 5870, 8414, 35078, 18334.789063, 5958.167969
S, 5880, 14172, 19019, 18391.849609, 715.606018
R, 5880, 8833, 38213, 18177.550781, 6089.117676
S, 5890, 14158, 19121, 18439.970703, 706.150452
R, 5890, 9608, 41824, 19675.779297, 6097.697754
S, 5900, 13956, 19112, 18385.560547, 765.074768
R, 5900, 8522, 34277, 18021.080078, 4975.877930
S, 5910, 14157, 19230, 18441.089844, 750.507385
R, 5910, 9296, 34608, 18709.130859, 5945.878906
S, 5920, 14084, 19265, 18517.929688, 757.094482
R, 5920, 9111, 34568, 19017.990234, 5299.951660
S, 5930, 16499, 19199, 18613.890625, 474.505859
R, 5930, 8702, 35221, 18432.990234, 4855.724121
S, 5940, 14213, 19246, 18482.380859, 876.519104
R, 5940, 9254, 42647, 18965.250000, 5613.879395
S, 5950, 14079, 19332, 18522.689453, 789.424744
R, 5950, 8006, 32465, 18321.630859, 5663.896973
S, 5960, 14281, 19459, 18655.730469, 649.609619
R, 5960, 7746, 40838, 19583.570313, 6111.785156
S, 5970, 13528, 19311, 18610.099609, 813.486633
R, 5970, 9345, 31885, 18487.609375, 5077.033203
S, 5980, 14160, 19495, 18589.720703, 913.794373
R, 5980, 8284, 34663, 18662.859375, 5481.414551
S, 5990, 16715, 19341, 18761.439453, 486.988342
R, 5990, 7730, 35824, 18293.000000, 5311.322754
S, 6000, 17008, 19581, 18880.349609, 420.455261
R, 6000, 9011, 37229, 18330.580078, 5759.439941
S, 6010, 12301, 19559, 18754.339844, 897.900330
R, 6010, 8531, 38826, 19085.089844, 5984.776855
S, 6020, 14097, 19569, 18810.619141, 858.239807
R, 6020, 8563, 40555, 19205.259766, 6351.937988
S, 6030, 14447, 19487, 18818.189453, 775.898010
R, 6030, 9166, 36733, 18726.960938, 5753.671875
S, 6040, 14586, 19599, 18853.269531, 668.146667
R, 6040, 8898, 34318, 18453.320313, 5697.123047
S, 6050, 14348, 19588, 18880.810547, 982.348755
R, 6050, 8971, 35412, 19562.810547, 5333.351074
S, 6060, 14482, 19721, 18978.779297, 696.884766
R, 6060, 7891, 36356, 19116.330078, 5413.468262
S, 6070, 12798, 19779, 19062.500000, 741.094971
R, 6070, 8381, 41133, 19275.570313, 6583.913086
S, 6080, 13662, 19742, 19062.779297, 645.660522
R, 6080, 8363, 38868, 19573.859375, 5860.304199
S, 6090, 14832, 19849, 19035.289063, 659.607666
R, 6090, 9746, 38105, 20034.669922, 5971.146484
S, 6100, 14599, 19811, 19132.630859, 573.860962
R, 6100, 7763, 37365, 19144.759766, 6507.516602
S, 6110, 13335, 19817, 19097.240234, 822.031311
R, 6110, 8840, 31431, 18887.960938, 5299.376953
S, 6120, 14482, 19830, 19003.630859, 984.259216
R, 6120, 6119, 34370, 19142.849609, 4836.135254
S, 6130, 13989, 19859, 19085.470703, 1000.036011
R, 6130, 8026, 38412, 18600.740234, 6157.852539
S, 6140, 14255, 20027, 19099.369141, 1017.283875
R, 6140, 9029, 37479, 19525.359375, 6207.130371
S, 6150, 17020, 19974, 19249.830078, 535.113037
R, 6150, 8015, 32060, 17927.689453, 5616.934082
S, 6160, 14745, 20014, 19265.419922, 777.366882
R, 6160, 8998, 37066, 19185.849609, 5790.047363
S, 6170, 17572, 19877, 19415.939453, 383.310791
R, 6170, 9104, 38798, 19682.119141, 6027.062500
S, 6180, 14847, 20055, 19439.599609, 583.025757
R, 6180, 8934, 39803, 19338.380859, 6411.181641
S, 6190, 17815, 20066, 19465.859375, 352.724823
R, 6190, 10424, 36150, 20448.410156, 5819.577637
S, 6200, 14515, 20082, 19368.490234, 906.148987
R, 6200, 9971, 34766, 18648.210938, 5651.271484
S, 6210, 14912, 20160, 19512.689453, 637.474976
R, 6210, 8741, 35198, 18482.449219, 4839.156738
S, 6220, 17656, 20045, 19514.130859, 430.897675
R, 6220, 9074, 39679, 20871.779297, 6790.138672
S, 6230, 14635, 20194, 19449.570313, 880.330994
R, 6230, 8467, 34520, 20126.759766, 5945.937988
S, 6240, 14870, 20361, 19487.980469, 772.586060
R, 6240, 8418, 32984, 19258.859375, 5317.089355
S, 6250, 15013, 20323, 19619.650391, 652.115417
R, 6250, 8819, 37795, 20266.130859, 5647.470703
S, 6260, 15211, 20325, 19660.019531, 565.812744
R, 6260, 8198, 35235, 19448.529297, 5754.852051
S, 6270, 14924, 20393, 19640.269531, 846.284058
R, 6270, 9251, 37481, 19475.750000, 6146.129395
S, 6280, 14965, 20246, 19706.230469, 569.463501
R, 6280, 9903, 35085, 19843.800781, 5839.111328
S, 6290, 17929, 20586, 19749.349609, 462.884430
R, 6290, 8735, 37951, 19371.660156, 6010.292480
S, 6300, 15033, 20504, 19731.070313, 789.693787
R, 6300, 8673, 38137, 21089.849609, 6297.578125
S, 6310, 17852, 20537, 19896.919922, 414.537842
R, 6310, 9820, 35092, 19327.039063, 5430.735352
S, 6320, 14779, 20438, 19692.500000, 971.005554
R, 6320, 9204, 39005, 19635.310547, 5872.538574
S, 6330, 14880, 20645, 19849.869141, 784.718506
R, 6330, 10257, 34080, 20172.050781, 5291.464844
S, 6340, 13148, 20690, 19828.669922, 834.750916
R, 6340, 9820, 34753, 19884.849609, 5380.975586
S, 6350, 17136, 20605, 19917.019531, 573.226807
R, 6350, 9958, 36410, 19103.779297, 6478.899902
S, 6360, 15109, 20762, 19960.779297, 788.473145
R, 6360, 8603, 40067, 20201.740234, 7214.688965
S, 6370, 15299, 20669, 20046.900391, 616.928467
R, 6370, 9505, 34834, 19345.710938, 5516.385254
S, 6380, 15319, 20894, 19930.009766, 882.083191
R, 6380, 8918, 39424, 18549.750000, 5744.400391
S, 6390, 15029, 20770, 20078.179688, 630.209839
R, 6390, 9974, 39703, 20558.210938, 6343.492676
S, 6400, 14377, 20680, 20120.910156, 671.867920
R, 6400, 10209, 36182, 19790.300781, 5770.307129
S, 6410, 15322, 20940, 20015.009766, 964.203369
R, 6410, 8545, 33320, 20081.179688, 6030.831543
S, 6420, 15272, 20688, 20116.560547, 887.815186
R, 6420, 10680, 41752, 20416.519531, 6500.358398
S, 6430, 15500, 20875, 20166.750000, 678.175842
R, 6430, 9720, 36248, 19471.490234, 5744.190430
S, 6440, 14663, 20964, 20117.429688, 879.544617
R, 6440, 8946, 43443, 20724.609375, 6962.602051
S, 6450, 18355, 20970, 20306.759766, 393.816986
R, 6450, 10155, 39940, 20848.519531, 6814.295898
S, 6460, 15614, 20965, 20237.970703, 789.266663
R, 6460, 9096, 39095, 21088.500000, 6262.030273
S, 6470, 15431, 21184, 20234.339844, 946.523682
R, 6470, 9222, 43655, 19828.970703, 6612.757324
S, 6480, 18575, 21171, 20400.640625, 415.429993
R, 6480, 9315, 32652, 19604.289063, 5323.726074
S, 6490, 15404, 21015, 20250.890625, 934.728271
R, 6490, 8863, 44206, 19478.830078, 6650.147461
S, 6500, 15232, 21115, 20247.429688, 901.176453
R, 6500, 9495, 40488, 19827.039063, 5933.959961
S, 6510, 15445, 21031, 20321.490234, 924.862488
R, 6510, 8776, 33841, 20243.320313, 5355.118652
S, 6520, 15358, 21104, 20402.179688, 737.991882
R, 6520, 10401, 43524, 20334.810547, 6726.156250
S, 6530, 15011, 21236, 20264.179688, 1194.633667
R, 6530, 9552, 43601, 20137.640625, 5794.546875
S, 6540, 18307, 21159, 20525.359375, 552.194275
R, 6540, 9404, 37511, 20140.220703, 6299.157227
S, 6550, 15665, 21308, 20573.169922, 804.531738
R, 6550, 10046, 35140, 20079.830078, 6292.144531
S, 6560, 15827, 21222, 20549.880859, 682.885559
R, 6560, 8768, 41294, 19736.210938, 6081.581055
S, 6570, 15718, 21288, 20587.509766, 747.567810
R, 6570, 9452, 42891, 20703.119141, 6515.865723
S, 6580, 19340, 21265, 20775.029297, 360.418793
R, 6580, 10122, 35775, 20317.810547, 5338.195801
S, 6590, 15795, 21600, 20665.060547, 775.758057
R, 6590, 10331, 43198, 20632.990234, 5874.541992
S, 6600, 15580, 21528, 20645.150391, 917.425415
R, 6600, 10091, 41637, 20824.720703, 5711.579590
S, 6610, 18664, 21452, 20776.119141, 518.869385
R, 6610, 8681, 41891, 20785.380859, 6737.116699
S, 6620, 15687, 21504, 20720.289063, 825.700439
R, 6620, 9912, 41898, 20656.939453, 6316.358887
S, 6630, 15945, 21541, 20789.660156, 742.718384
R, 6630, 10611, 42288, 21012.710938, 6363.872559
S, 6640, 18708, 21447, 20841.140625, 540.615784
R, 6640, 9279, 41609, 20800.220703, 6841.817383
S, 6650, 19507, 21550, 20984.939453, 322.881012
R, 6650, 8624, 41100, 19617.650391, 6656.059082
S, 6660, 15931, 21663, 20836.619141, 751.003845
R, 6660, 9831, 42173, 21957.929688, 7411.475098
S, 6670, 16102, 21607, 20950.460938, 659.559326
R, 6670, 8560, 35058, 20438.539063, 5941.612793
S, 6680, 15906, 21671, 20959.689453, 779.431885
R, 6680, 9434, 37174, 20543.339844, 6062.046387
S, 6690, 16045, 21661, 20985.330078, 668.743225
R, 6690, 9283, 37319, 20110.589844, 6039.527344
S, 6700, 16144, 21686, 20904.349609, 988.756470
R, 6700, 8729, 36772, 20253.580078, 6296.130859
S, 6710, 18610, 21857, 21071.800781, 562.860413
R, 6710, 10397, 37245, 19774.960938, 6419.207031
S, 6720, 16013, 21769, 21026.150391, 872.481384
R, 6720, 9689, 36683, 20630.109375, 5906.015625
S, 6730, 15607, 21749, 21003.539063, 1063.918579
R, 6730, 9885, 45374, 20639.730469, 6308.550781
S, 6740, 19528, 21988, 21290.160156, 411.155121
R, 6740, 10213, 38147, 21709.929688, 6163.313965
S, 6750, 15291, 21897, 21236.730469, 726.216919
R, 6750, 8804, 45045, 20697.439453, 7268.745117
S, 6760, 16417, 21839, 21222.839844, 633.893494
R, 6760, 6759, 41350, 21642.449219, 6862.188965
S, 6770, 18359, 21915, 21286.650391, 578.096130
R, 6770, 9347, 40521, 21126.509766, 6545.419922
S, 6780, 16200, 22024, 21163.960938, 897.501770
R, 6780, 9588, 37876, 20205.119141, 6089.606445
S, 6790, 16144, 21891, 21138.050781, 1081.388550
R, 6790, 8523, 37699, 20026.519531, 6674.480469
S, 6800, 19101, 22100, 21354.119141, 559.138367
R, 6800, 9841, 48169, 22173.640625, 7881.294922
S, 6810, 19056, 22119, 21519.369141, 374.186829
R, 6810, 10768, 40301, 21464.279297, 6318.362793
S, 6820, 15368, 21970, 21291.189453, 881.491760
R, 6820, 10036, 44329, 20815.160156, 7037.946777
S, 6830, 16231, 22133, 21204.619141, 1071.745850
R, 6830, 8767, 43885, 21262.669922, 6330.382813
S, 6840, 16476, 22148, 21476.779297, 824.998779
R, 6840, 9716, 44542, 22101.060547, 6327.895508
S, 6850, 16247, 22159, 21426.080078, 821.659607
R, 6850, 10857, 46180, 21775.990234, 6797.084961
S, 6860, 16490, 22170, 21442.240234, 873.721741
R, 6860, 9015, 57906, 20630.339844, 7282.289063
S, 6870, 16173, 22421, 21450.570313, 1019.117859
R, 6870, 9280, 39955, 21653.869141, 6695.968750
S, 6880, 16481, 22330, 21655.140625, 638.877563
R, 6880, 9031, 40704, 20464.230469, 6393.136719
S, 6890, 16522, 22407, 21576.330078, 965.631592
R, 6890, 10250, 42113, 21594.080078, 6177.636719
S, 6900, 19485, 22494, 21644.890625, 565.280334
R, 6900, 9565, 39033, 20999.300781, 6156.548828
S, 6910, 19703, 22419, 21791.849609, 396.739960
R, 6910, 11038, 45236, 21496.269531, 5496.721680
S, 6920, 16596, 22722, 21770.410156, 676.574951
R, 6920, 10074, 37396, 21855.160156, 6245.257324
S, 6930, 19648, 22510, 21805.240234, 448.867828
R, 6930, 11607, 43065, 23157.929688, 7569.071289
S, 6940, 16659, 22571, 21853.199219, 648.928284
R, 6940, 10169, 43995, 21565.470703, 7102.027344
S, 6950, 16479, 22583, 21663.349609, 916.787720
R, 6950, 9111, 41461, 21620.589844, 6477.338867
S, 6960, 20166, 22646, 21944.310547, 425.735382
R, 6960, 8965, 36353, 20857.990234, 6140.646484
S, 6970, 16659, 22511, 21846.519531, 821.462341
R, 6970, 11572, 50017, 22398.289063, 7375.056641
S, 6980, 16631, 22531, 21930.460938, 838.266724
R, 6980, 10249, 41788, 22911.400391, 6727.359375
S, 6990, 16743, 22664, 21852.130859, 862.160583
R, 6990, 10126, 38263, 21384.890625, 6421.836914
S, 7000, 16689, 22663, 21946.800781, 719.677307
R, 7000, 10105, 39301, 21763.429688, 6747.878418
S, 7010, 17000, 22667, 21947.380859, 824.752930
R, 7010, 9554, 46110, 21601.140625, 6322.655273
S, 7020, 16748, 23002, 22042.519531, 892.961792
R, 7020, 9765, 45125, 22729.029297, 7126.652832
S, 7030, 15927, 22790, 22080.890625, 819.949524
R, 7030, 9765, 47125, 21796.250000, 7279.307617
S, 7040, 16280, 22972, 22160.839844, 731.131592
R, 7040, 11445, 40646, 22583.529297, 5961.284180
S, 7050, 19931, 22859, 22165.859375, 512.021667
R, 7050, 9937, 38906, 20636.019531, 6343.393066
S, 7060, 19931, 23023, 22181.519531, 484.610443
R, 7060, 9239, 45234, 21442.369141, 7187.685547
S, 7070, 19722, 22991, 22252.980469, 463.685516
R, 7070, 10550, 45286, 22662.310547, 6780.468262
S, 7080, 16926, 22980, 22250.099609, 860.982788
R, 7080, 9969, 43412, 22181.230469, 6744.554688
S, 7090, 19776, 22970, 22293.759766, 498.529358
R, 7090, 10661, 39481, 22908.669922, 6417.980469
S, 7100, 19957, 23239, 22320.140625, 556.785828
R, 7100, 10821, 48805, 22715.179688, 7653.119629
S, 7110, 20566, 23005, 22408.320313, 436.473114
R, 7110, 9918, 39808, 23295.009766, 7206.276855
S, 7120, 17286, 23080, 22354.730469, 688.402283
R, 7120, 10592, 46042, 23164.039063, 7954.069824
S, 7130, 15182, 23091, 22338.580078, 1012.845520
R, 7130, 10138, 41433, 22157.480469, 7427.950195
S, 7140, 19359, 23075, 22433.820313, 600.235107
R, 7140, 9500, 55480, 22623.460938, 6605.104004
S, 7150, 16734, 23098, 22456.769531, 724.473755
R, 7150, 9355, 41444, 21115.919922, 6568.436523
S, 7160, 17337, 23206, 22548.769531, 659.333496
R, 7160, 11080, 43470, 22354.509766, 6025.414551
S, 7170, 21493, 23194, 22612.259766, 380.331818
R, 7170, 9685, 44321, 22684.039063, 7449.924805
S, 7180, 19274, 23365, 22579.740234, 608.186584
R, 7180, 9570, 41688, 22691.730469, 6540.614746
S, 7190, 17129, 23350, 22531.710938, 910.394531
R, 7190, 11572, 42815, 23262.769531, 7049.455078
S, 7200, 15156, 23412, 22442.369141, 1269.243652
R, 7200, 9850, 45997, 22200.810547, 6828.789063
S, 7210, 17242, 23542, 22564.509766, 1078.274048
R, 7210, 9499, 50921, 22562.019531, 7475.066406
S, 7220, 17332, 23406, 22648.269531, 711.538635
R, 7220, 10464, 42339, 21390.859375, 6911.356445
S, 7230, 16358, 23487, 22683.039063, 930.493896
R, 7230, 11459, 36630, 22249.189453, 6131.302246
S, 7240, 17317, 23560, 22640.400391, 885.409607
R, 7240, 9704, 39226, 22206.650391, 6593.619141
S, 7250, 16442, 23431, 22600.699219, 1069.748901
R, 7250, 9546, 47217, 24248.169922, 7615.576660
S, 7260, 17007, 23607, 22754.099609, 721.115112
R, 7260, 9193, 41005, 23364.880859, 7167.886719
S, 7270, 17642, 23428, 22861.359375, 650.470215
R, 7270, 9741, 46425, 21815.080078, 7323.523438
S, 7280, 17422, 23602, 22852.500000, 899.054932
R, 7280, 9698, 43577, 22251.470703, 6681.335449
S, 7290, 17399, 23753, 22915.109375, 758.336548
R, 7290, 13093, 41440, 22456.490234, 6269.126953
S, 7300, 17544, 23662, 22759.730469, 945.040222
R, 7300, 11372, 46807, 23343.589844, 7042.273438
S, 7310, 17577, 23646, 22801.660156, 1080.506470
R, 7310, 10900, 40376, 23717.099609, 6994.355469
S, 7320, 20963, 23838, 22960.349609, 580.132568
R, 7320, 11396, 45198, 22536.900391, 6823.530762
S, 7330, 20549, 23796, 23032.169922, 528.436096
R, 7330, 7329, 42932, 22791.480469, 6992.412109
S, 7340, 17602, 23792, 22961.189453, 964.009827
R, 7340, 10868, 44935, 23865.470703, 7338.914063
S, 7350, 17657, 23840, 23119.160156, 860.391602
R, 7350, 9904, 46602, 23597.439453, 8013.002441
S, 7360, 17629, 23918, 23101.480469, 944.542297
R, 7360, 11909, 40384, 24094.919922, 6353.573242
S, 7370, 17739, 23951, 23062.810547, 904.805908
R, 7370, 10070, 38978, 22719.800781, 6440.901367
S, 7380, 16625, 23975, 23173.429688, 862.014221
R, 7380, 11827, 40770, 23495.050781, 6751.004395
S, 7390, 17366, 23923, 23252.740234, 738.295044
R, 7390, 11030, 39278, 21783.679688, 6078.221191
S, 7400, 20245, 24050, 23256.179688, 584.022583
R, 7400, 12369, 45654, 22516.220703, 6518.401855
S, 7410, 20427, 23979, 23390.619141, 436.816010
R, 7410, 9831, 42152, 24324.009766, 6507.272461
S, 7420, 21230, 24035, 23419.259766, 365.775940
R, 7420, 9893, 66136, 23437.259766, 8015.601074
S, 7430, 16894, 24223, 23372.029297, 772.791382
R, 7430, 10981, 42543, 21509.580078, 6398.080566
S, 7440, 19856, 24164, 23403.140625, 616.636780
R, 7440, 11138, 41939, 22531.009766, 6208.319336
S, 7450, 17914, 24206, 23350.460938, 902.054321
R, 7450, 11999, 38120, 23800.789063, 6533.953613
S, 7460, 18037, 24139, 23512.699219, 709.534668
R, 7460, 12039, 42780, 23781.009766, 6203.861328
S, 7470, 21673, 24235, 23542.220703, 406.118652
R, 7470, 12287, 45237, 24498.070313, 7201.417969
S, 7480, 17895, 24259, 23486.240234, 794.526062
R, 7480, 11050, 46875, 23113.199219, 7951.174316
S, 7490, 18066, 24226, 23388.240234, 892.857605
R, 7490, 10645, 47860, 22986.259766, 6877.538574
S, 7500, 18052, 24442, 23500.179688, 984.155823
R, 7500, 11280, 45739, 23922.080078, 7603.010254
S, 7510, 18050, 24400, 23435.089844, 1025.633423
R, 7510, 10901, 49652, 24531.910156, 7570.801270
S, 7520, 17773, 24338, 23551.279297, 930.941162
R, 7520, 10100, 46386, 22749.699219, 7097.090332
S, 7530, 18018, 24442, 23658.550781, 709.038025
R, 7530, 9645, 43294, 22092.210938, 6795.667480
S, 7540, 18224, 24520, 23677.980469, 791.409424
R, 7540, 11830, 42937, 23402.339844, 6302.110840
S, 7550, 21833, 24622, 23808.150391, 497.102570
R, 7550, 10689, 40497, 23979.730469, 7102.570801
S, 7560, 18376, 24538, 23729.980469, 808.175049
R, 7560, 10138, 44086, 23456.410156, 7829.917480
S, 7570, 16049, 24824, 23725.429688, 1106.368042
R, 7570, 10323, 45769, 23079.259766, 6751.923828
S, 7580, 17982, 24893, 23787.259766, 989.125305
R, 7580, 9975, 38207, 22925.779297, 6444.267090
S, 7590, 22064, 24765, 23990.039063, 380.748962
R, 7590, 10174, 44195, 23522.060547, 6781.124023
S, 7600, 22594, 24621, 24020.070313, 388.800964
R, 7600, 10286, 54184, 23632.599609, 8954.609375
S, 7610, 17957, 24684, 23847.279297, 859.733765
R, 7610, 11351, 43620, 24963.630859, 7165.436035
S, 7620, 18284, 24803, 23863.800781, 987.945496
R, 7620, 10504, 40917, 23839.279297, 7382.239746
S, 7630, 18552, 24863, 23908.539063, 912.911743
R, 7630, 10256, 46561, 23318.490234, 6719.267578
S, 7640, 18222, 24837, 23900.480469, 1038.025757
R, 7640, 10734, 48673, 23138.720703, 6607.660156
S, 7650, 21395, 24904, 24099.669922, 569.818970
R, 7650, 11820, 51267, 24412.970703, 7967.968750
S, 7660, 17316, 25005, 24013.150391, 1028.443604
R, 7660, 10003, 42702, 23014.560547, 7175.336914
S, 7670, 18288, 25134, 24145.519531, 717.572693
R, 7670, 10954, 41674, 23133.080078, 7252.890137
S, 7680, 18073, 24894, 24016.640625, 1127.069214
R, 7680, 11989, 46805, 25055.890625, 7069.473145
S, 7690, 18505, 24961, 24166.919922, 813.081482
R, 7690, 12569, 53840, 24006.830078, 7663.698242
S, 7700, 18422, 25150, 24225.019531, 903.971619
R, 7700, 9912, 51961, 23793.560547, 7652.604004
S, 7710, 21991, 25213, 24385.910156, 560.708374
R, 7710, 10348, 44581, 23519.830078, 6878.734375
S, 7720, 22061, 25096, 24348.410156, 484.424255
R, 7720, 12430, 41016, 24171.869141, 6023.700195
S, 7730, 18455, 25184, 24267.640625, 958.174561
R, 7730, 10606, 48780, 23819.589844, 6426.067383
S, 7740, 18326, 25049, 24319.359375, 826.863708
R, 7740, 10852, 48498, 23983.330078, 7563.897949
S, 7750, 21878, 25218, 24468.580078, 473.840637
R, 7750, 11431, 45159, 24042.970703, 6824.347656
S, 7760, 22244, 25166, 24551.630859, 455.032013
R, 7760, 10507, 53024, 24494.830078, 7390.894043
S, 7770, 18390, 25356, 24481.820313, 846.315674
R, 7770, 10117, 43919, 24069.710938, 7055.087891
S, 7780, 22319, 25620, 24585.720703, 465.447632
R, 7780, 10955, 43736, 22743.029297, 6108.055664
S, 7790, 18964, 25516, 24568.189453, 763.551575
R, 7790, 11043, 50281, 24965.490234, 7564.418457
S, 7800, 18792, 25327, 24572.730469, 748.110474
R, 7800, 10563, 47848, 24942.490234, 7580.964844
S, 7810, 21845, 25317, 24588.609375, 559.972351
R, 7810, 10313, 44603, 24464.869141, 7071.694824
S, 7820, 17628, 25434, 24397.289063, 1249.460083
R, 7820, 10662, 44143, 24645.820313, 7559.237305
S, 7830, 18909, 25436, 24591.119141, 821.507996
R, 7830, 10376, 49460, 24701.410156, 7701.998535
S, 7840, 18840, 25401, 24718.960938, 778.003967
R, 7840, 10700, 41754, 25112.070313, 6612.540039
S, 7850, 21929, 25477, 24833.490234, 476.825745
R, 7850, 11835, 47664, 23964.689453, 7386.081543
S, 7860, 17743, 25758, 24665.669922, 1191.136963
R, 7860, 12397, 49988, 25142.609375, 7457.916504
S, 7870, 18788, 25706, 24811.730469, 941.547180
R, 7870, 10975, 48488, 23643.929688, 7282.090820
S, 7880, 18831, 25614, 24764.109375, 1010.603210
R, 7880, 11695, 45870, 24308.910156, 7337.859375
S, 7890, 22360, 25649, 24901.330078, 518.011902
R, 7890, 11708, 47595, 24997.289063, 8055.558105
S, 7900, 18864, 25694, 24904.429688, 773.753174
R, 7900, 10887, 46673, 25048.839844, 7866.418945
S, 7910, 18738, 25627, 24797.419922, 1203.181274
R, 7910, 11300, 55123, 24185.390625, 7667.498047
S, 7920, 19103, 25572, 24921.539063, 754.863403
R, 7920, 10523, 49039, 25203.429688, 7557.510254
S, 7930, 19044, 25699, 24810.720703, 998.163391
R, 7930, 11333, 54642, 25139.859375, 8819.314453
S, 7940, 22806, 25898, 25110.929688, 466.675720
R, 7940, 11811, 45091, 23570.089844, 6935.182129
S, 7950, 19248, 25827, 25084.849609, 791.626221
R, 7950, 11336, 46738, 25361.609375, 8081.724609
S, 7960, 19056, 25834, 25098.039063, 776.115479
R, 7960, 12494, 54011, 24388.679688, 8166.940918
S, 7970, 18958, 25919, 25117.710938, 792.437561
R, 7970, 11478, 55477, 26263.230469, 8180.635254
S, 7980, 19303, 25988, 25081.970703, 856.538147
R, 7980, 11377, 50969, 24438.939453, 7491.041992
S, 7990, 19175, 26082, 25231.830078, 801.757385
R, 7990, 11292, 43333, 23964.509766, 7052.506836
S, 8000, 17863, 26172, 25188.300781, 1049.647461
R, 8000, 11966, 49930, 25303.140625, 7019.527344
S, 8010, 19363, 26010, 25302.300781, 727.103271
R, 8010, 13297, 46320, 25589.400391, 7125.085449
S, 8020, 19328, 26144, 25229.480469, 801.500610
R, 8020, 12914, 43069, 25589.490234, 7507.104004
S, 8030, 19165, 26230, 25279.380859, 964.128296
R, 8030, 10536, 42847, 24605.320313, 7721.817871
S, 8040, 19238, 26123, 25162.970703, 1135.525146
R, 8040, 12927, 47820, 24518.619141, 7096.085938
S, 8050, 19170, 26298, 25359.009766, 796.943970
R, 8050, 11372, 46631, 25097.029297, 7706.382813
S, 8060, 19603, 26358, 25464.259766, 745.258728
R, 8060, 11538, 47654, 24598.789063, 7309.898438
S, 8070, 19494, 26383, 25468.779297, 785.529846
R, 8070, 12297, 41487, 24455.349609, 7355.351074
S, 8080, 22972, 26415, 25574.289063, 509.959747
R, 8080, 10936, 44919, 25929.330078, 7477.313965
S, 8090, 22954, 26341, 25549.480469, 571.188049
R, 8090, 10894, 43271, 23191.710938, 6953.608398
S, 8100, 19465, 26267, 25373.240234, 1091.300171
R, 8100, 10578, 56460, 25580.970703, 8674.825195
S, 8110, 23657, 26508, 25674.289063, 445.458344
R, 8110, 12020, 45157, 25516.630859, 7374.471680
S, 8120, 22938, 26353, 25659.820313, 544.637085
R, 8120, 11010, 49348, 26065.150391, 7810.532227
S, 8130, 19534, 26606, 25668.919922, 958.693909
R, 8130, 11203, 46497, 25588.210938, 7812.032227
S, 8140, 19617, 26364, 25528.820313, 1051.036377
R, 8140, 12504, 47373, 25136.460938, 7537.727539
S, 8150, 23301, 26567, 25827.230469, 456.269989
R, 8150, 11953, 56669, 24574.140625, 8150.720215
S, 8160, 24172, 26530, 25864.910156, 422.059967
R, 8160, 12488, 43265, 24631.080078, 7075.718750
S, 8170, 19486, 26603, 25690.220703, 842.102295
R, 8170, 11068, 59307, 25202.300781, 8193.515625
S, 8180, 19581, 26627, 25768.769531, 849.369690
R, 8180, 11386, 48862, 25222.570313, 7377.231445
S, 8190, 22920, 26654, 25839.289063, 673.905579
R, 8190, 11252, 55131, 25573.679688, 8397.197266
S, 8200, 23634, 26861, 25914.509766, 678.427307
R, 8200, 11830, 53018, 25167.919922, 8113.778809
S, 8210, 23556, 26729, 25955.330078, 515.185913
R, 8210, 11593, 45118, 26106.089844, 7065.305176
S, 8220, 18599, 26777, 25744.740234, 1287.489868
R, 8220, 12571, 45236, 25078.589844, 7327.642578
S, 8230, 19854, 26929, 26010.500000, 780.687988
R, 8230, 11338, 49038, 24417.869141, 8208.284180
S, 8240, 19587, 26746, 25717.929688, 1364.063232
R, 8240, 11107, 44386, 25324.890625, 7948.558105
S, 8250, 17545, 26843, 26000.080078, 1002.554688
R, 8250, 11083, 50634, 25918.669922, 8153.850098
S, 8260, 19734, 26852, 26092.550781, 821.575134
R, 8260, 13202, 58602, 26217.150391, 8073.492676
S, 8270, 18800, 26950, 26024.439453, 1075.237305
R, 8270, 11930, 52510, 26247.099609, 8059.945313
S, 8280, 18873, 27066, 26093.130859, 1111.155273
R, 8280, 11342, 49295, 26051.220703, 7625.159180
S, 8290, 19818, 27068, 26163.490234, 973.226990
R, 8290, 11217, 46801, 25322.310547, 8435.508789
S, 8300, 19557, 27001, 26047.820313, 1191.980225
R, 8300, 11157, 55746, 25657.240234, 7869.054688
S, 8310, 19781, 26917, 25990.880859, 1360.282349
R, 8310, 11051, 51464, 26203.400391, 8274.563477
S, 8320, 23886, 27098, 26356.630859, 470.312378
R, 8320, 10992, 57279, 24236.000000, 8988.112305
S, 8330, 20010, 27118, 26168.470703, 1058.967896
R, 8330, 11776, 50372, 25753.500000, 7982.752930
S, 8340, 23848, 27331, 26381.070313, 581.990723
R, 8340, 10985, 40751, 25048.369141, 6791.321777
S, 8350, 19700, 27112, 26299.269531, 1042.891235
R, 8350, 11832, 46594, 25239.529297, 7410.151855
S, 8360, 19887, 27191, 26295.839844, 914.579102
R, 8360, 11093, 44070, 26375.410156, 6613.209473
S, 8370, 20062, 27402, 26393.410156, 882.720947
R, 8370, 11843, 58761, 25952.580078, 8372.830078
S, 8380, 20229, 27333, 26151.550781, 1357.624268
R, 8380, 13057, 63810, 27474.570313, 9325.613281
S, 8390, 20188, 27269, 26368.089844, 1123.593384
R, 8390, 13252, 45385, 25670.240234, 7407.571289
S, 8400, 23363, 27195, 26561.500000, 555.695740
R, 8400, 12376, 51631, 26709.480469, 8158.690430
S, 8410, 19858, 27448, 26542.699219, 901.659668
R, 8410, 11107, 48158, 26669.949219, 7164.125000
S, 8420, 20122, 27297, 26550.220703, 902.346191
R, 8420, 14803, 48620, 27001.199219, 7231.562500
S, 8430, 24504, 27332, 26640.609375, 514.350220
R, 8430, 11131, 54635, 26623.199219, 8666.416016
S, 8440, 20103, 27546, 26588.199219, 1204.849487
R, 8440, 11113, 42581, 25448.550781, 7089.692871
S, 8450, 24223, 27394, 26685.859375, 562.804932
R, 8450, 12811, 55482, 26584.390625, 8115.279297
S, 8460, 24161, 27548, 26741.839844, 563.377136
R, 8460, 11600, 49694, 25669.109375, 8297.773438
S, 8470, 24567, 27578, 26860.910156, 453.380157
R, 8470, 12162, 49710, 25639.230469, 8160.657227
S, 8480, 20572, 27614, 26831.939453, 775.123962
R, 8480, 12012, 51081, 26464.169922, 7970.925293
S, 8490, 20367, 27754, 26546.609375, 1382.158691
R, 8490, 11186, 58236, 27768.119141, 8535.031250
S, 8500, 20379, 27670, 26748.720703, 1026.943359
R, 8500, 10753, 50611, 28233.519531, 8535.120117
S, 8510, 20819, 27780, 26877.460938, 845.381287
R, 8510, 11762, 54621, 26288.199219, 8731.508789
S, 8520, 20429, 27783, 26907.740234, 1025.691650
R, 8520, 13104, 44507, 25340.359375, 6935.724121
S, 8530, 20398, 27845, 26627.160156, 1406.740234
R, 8530, 13396, 53069, 26832.050781, 7774.487305
S, 8540, 20324, 27880, 26649.390625, 1441.841675
R, 8540, 12331, 38631, 24470.669922, 6485.632813
S, 8550, 20695, 27779, 26905.099609, 963.144348
R, 8550, 11442, 54672, 28085.509766, 8572.225586
S, 8560, 20918, 28124, 27004.640625, 912.250366
R, 8560, 13483, 50741, 27870.589844, 7807.295898
S, 8570, 20507, 28074, 27018.710938, 1056.520386
R, 8570, 13198, 48393, 26446.679688, 6519.137207
S, 8580, 20700, 27918, 27058.130859, 845.024475
R, 8580, 12145, 57515, 27379.570313, 9427.864258
S, 8590, 20788, 27956, 27138.300781, 796.426208
R, 8590, 12328, 50655, 25550.849609, 7381.081055
S, 8600, 20447, 28153, 27127.640625, 968.913879
R, 8600, 12242, 44717, 25703.009766, 7366.594238
S, 8610, 20866, 27951, 27181.720703, 830.158813
R, 8610, 11774, 42653, 26773.130859, 7074.124512
S, 8620, 20240, 28043, 27024.050781, 1292.615723
R, 8620, 12869, 49388, 28182.839844, 9218.977539
S, 8630, 20601, 28153, 27343.839844, 841.782959
R, 8630, 11742, 59757, 27156.050781, 8140.154785
S, 8640, 24882, 28100, 27436.960938, 509.358917
R, 8640, 11772, 55843, 26886.580078, 8481.765625
S, 8650, 20733, 28101, 27254.529297, 1046.766846
R, 8650, 13072, 49144, 26302.080078, 8015.820801
S, 8660, 20685, 28225, 27359.960938, 864.088806
R, 8660, 11049, 50404, 28468.480469, 7476.111328
S, 8670, 20764, 28432, 27270.099609, 1175.715698
R, 8670, 12051, 48774, 26157.359375, 7870.522461
S, 8680, 24480, 28198, 27393.869141, 660.761292
R, 8680, 11510, 51142, 26746.830078, 8953.582031
S, 8690, 18428, 28340, 27360.039063, 1374.874023
R, 8690, 12266, 56474, 26903.660156, 8636.617188
S, 8700, 20725, 28416, 27399.660156, 1275.441650
R, 8700, 12596, 48103, 26722.609375, 8324.018555
S, 8710, 20586, 28521, 27464.210938, 937.945374
R, 8710, 12949, 49893, 27480.750000, 8533.712891
S, 8720, 20890, 28457, 27471.400391, 1240.174438
R, 8720, 12410, 56573, 25830.539063, 8906.167969
S, 8730, 20985, 28560, 27536.929688, 924.994812
R, 8730, 12157, 57401, 27214.179688, 8189.457031
S, 8740, 21124, 28467, 27605.910156, 862.848999
R, 8740, 11600, 50274, 26366.359375, 7607.338867
S, 8750, 21001, 28498, 27645.900391, 872.953369
R, 8750, 11537, 50840, 26839.789063, 8752.361328
S, 8760, 21200, 28436, 27664.699219, 842.454224
R, 8760, 12405, 47548, 26555.810547, 8079.386230
S, 8770, 21220, 28565, 27639.980469, 1055.116943
R, 8770, 12808, 44174, 25402.939453, 6513.040039
S, 8780, 20926, 28763, 27712.330078, 879.641785
R, 8780, 11896, 49695, 25332.140625, 6947.360840
S, 8790, 20247, 28533, 27666.720703, 1151.050659
R, 8790, 14900, 53240, 27614.750000, 7816.919922
S, 8800, 20751, 28495, 27704.070313, 1091.439453
R, 8800, 12058, 47503, 27473.330078, 7556.397461
S, 8810, 20574, 28914, 27808.400391, 1167.151978
R, 8810, 11725, 52393, 28283.019531, 7732.637695
S, 8820, 21372, 28672, 27899.000000, 866.167969
R, 8820, 13019, 47121, 27063.230469, 7787.607910
S, 8830, 21458, 28823, 27873.839844, 998.573181
R, 8830, 13837, 50913, 27503.580078, 8243.416016
S, 8840, 21233, 28731, 27892.359375, 904.017944
R, 8840, 12560, 56932, 27821.939453, 8609.321289
S, 8850, 25580, 29089, 28043.869141, 511.839447
R, 8850, 11917, 52518, 27054.630859, 7997.737793
S, 8860, 21557, 28928, 28012.880859, 889.391907
R, 8860, 11853, 47029, 27597.160156, 8688.343750
S, 8870, 21273, 29012, 27846.609375, 1219.866455
R, 8870, 13722, 66083, 28985.400391, 9818.716797
S, 8880, 21017, 29028, 27890.830078, 1190.938110
R, 8880, 12037, 51534, 27729.369141, 8230.346680
S, 8890, 21486, 29002, 27972.279297, 1139.504639
R, 8890, 12015, 48967, 27217.679688, 8364.819336
S, 8900, 21363, 28881, 28149.919922, 937.157593
R, 8900, 14110, 51796, 28533.710938, 8740.753906
S, 8910, 20084, 28915, 28128.519531, 1142.749756
R, 8910, 12671, 57675, 28726.339844, 9090.318359
S, 8920, 21392, 29145, 28156.740234, 912.085205
R, 8920, 14264, 48971, 28393.460938, 7059.200195
S, 8930, 21429, 29021, 28311.009766, 821.709229
R, 8930, 12536, 50154, 27158.109375, 9196.519531
S, 8940, 21530, 29246, 28204.089844, 901.112671
R, 8940, 14541, 49374, 28275.839844, 8329.833984
S, 8950, 21278, 29219, 28101.800781, 1159.679688
R, 8950, 11417, 53150, 27660.119141, 9006.599609
S, 8960, 21191, 29116, 28239.259766, 1274.695190
R, 8960, 12192, 54311, 27842.130859, 8270.676758
S, 8970, 21495, 29294, 28285.039063, 970.190308
R, 8970, 12958, 53864, 29168.230469, 8726.140625
S, 8980, 25908, 29239, 28315.300781, 685.972046
R, 8980, 12207, 55729, 28346.810547, 8751.113281
S, 8990, 26013, 29306, 28554.439453, 484.862366
R, 8990, 12694, 50905, 27954.429688, 8855.293945
S, 9000, 21699, 29442, 28434.779297, 872.971008
R, 9000, 13060, 68000, 29656.880859, 10011.116211
S, 9010, 21665, 29441, 28410.179688, 1100.135498
R, 9010, 12273, 50108, 27625.039063, 8552.471680
S, 9020, 21795, 29183, 28334.830078, 1133.968506
R, 9020, 14796, 55262, 29129.550781, 9092.950195
S, 9030, 20729, 29658, 28493.890625, 1164.112183
R, 9030, 9029, 49573, 28239.470703, 7832.433594
S, 9040, 25738, 29532, 28587.550781, 686.466553
R, 9040, 13488, 58671, 27491.970703, 8281.572266
S, 9050, 27313, 29516, 28779.769531, 412.681152
R, 9050, 15244, 53607, 28144.060547, 8000.287109
S, 9060, 21979, 29578, 28634.529297, 1021.772949
R, 9060, 12326, 44602, 26888.730469, 7164.379395
S, 9070, 22004, 29439, 28683.720703, 872.517395
R, 9070, 12338, 63198, 28772.089844, 9381.670898
S, 9080, 26087, 29708, 28666.009766, 684.815369
R, 9080, 13748, 59798, 28392.119141, 8746.931641
S, 9090, 26432, 29755, 28724.619141, 556.502686
R, 9090, 13033, 58140, 28491.750000, 8797.058594
S, 9100, 21853, 29668, 28634.119141, 1105.269653
R, 9100, 13561, 49320, 28294.589844, 8179.216309
S, 9110, 21872, 29888, 28637.269531, 1170.863647
R, 9110, 13152, 52633, 29295.539063, 8227.710938
S, 9120, 22083, 29588, 28797.550781, 887.322388
R, 9120, 11997, 54294, 29300.220703, 8241.334961
S, 9130, 21839, 29696, 28697.679688, 1302.838623
R, 9130, 13399, 68480, 28741.320313, 9477.352539
S, 9140, 26145, 29880, 28992.759766, 662.969971
R, 9140, 14342, 54437, 28556.740234, 8968.318359
S, 9150, 22159, 29783, 28961.349609, 852.838074
R, 9150, 11667, 51404, 28538.720703, 8453.666992
S, 9160, 21831, 29980, 28974.820313, 872.153564
R, 9160, 13808, 57711, 27908.470703, 8889.253906
S, 9170, 22043, 29734, 28997.740234, 851.721375
R, 9170, 14341, 63609, 28706.669922, 8393.131836
S, 9180, 22016, 30137, 28904.609375, 1453.857300
R, 9180, 13638, 53308, 30412.839844, 8684.871094
S, 9190, 22226, 29908, 29023.650391, 877.527222
R, 9190, 13611, 61375, 28708.300781, 9279.913086
S, 9200, 19436, 29923, 28846.310547, 1411.450317
R, 9200, 13159, 52405, 29116.949219, 8196.624023
S, 9210, 22042, 29931, 28926.189453, 1365.604492
R, 9210, 14172, 66838, 29370.689453, 9133.633789
S, 9220, 22153, 30052, 29007.839844, 1147.301025
R, 9220, 9219, 51311, 27785.500000, 8495.425781
S, 9230, 26483, 30053, 29267.609375, 565.234009
R, 9230, 12784, 55685, 28290.910156, 10121.809570
S, 9240, 26671, 30210, 29289.699219, 551.231079
R, 9240, 13467, 53201, 28717.150391, 7761.131348
S, 9250, 22054, 30123, 29100.939453, 1192.601807
R, 9250, 14100, 65876, 28367.919922, 8681.673828
S, 9260, 21969, 30423, 29255.050781, 1178.332642
R, 9260, 13385, 54700, 29251.109375, 8788.581055
S, 9270, 26537, 29974, 29314.550781, 524.618408
R, 9270, 12799, 49062, 29115.160156, 8087.750488
S, 9280, 22433, 30188, 29263.439453, 1317.345581
R, 9280, 12687, 60824, 29622.929688, 9184.256836
S, 9290, 22316, 30220, 29334.710938, 1118.333618
R, 9290, 14308, 53162, 28329.759766, 7766.484375
S, 9300, 22003, 30494, 29413.919922, 881.237122
R, 9300, 13261, 52208, 29449.179688, 8504.099609
S, 9310, 22369, 30441, 29460.900391, 1082.510132
R, 9310, 13622, 50330, 29075.259766, 8158.742188
S, 9320, 26889, 30268, 29485.800781, 514.214233
R, 9320, 14050, 54823, 28466.320313, 8715.598633
S, 9330, 22348, 30381, 29384.689453, 1178.986694
R, 9330, 13857, 51757, 28799.140625, 7915.079102
S, 9340, 22582, 30397, 29514.009766, 899.010315
R, 9340, 13154, 56159, 28833.140625, 8834.927734
S, 9350, 22640, 30482, 29360.269531, 1392.544800
R, 9350, 12932, 57573, 28077.109375, 8537.519531
S, 9360, 19475, 30524, 29552.650391, 1296.650635
R, 9360, 12986, 52680, 29988.089844, 9017.350586
S, 9370, 22476, 30661, 29536.910156, 965.481445
R, 9370, 12566, 53662, 28718.429688, 8288.962891
S, 9380, 22392, 30616, 29589.349609, 1189.227295
R, 9380, 12337, 51458, 28026.839844, 7557.201172
S, 9390, 22747, 30683, 29539.119141, 1084.225220
R, 9390, 12247, 59700, 29293.419922, 9145.228516
S, 9400, 22554, 30567, 29590.470703, 1298.421997
R, 9400, 14980, 54838, 29835.250000, 8598.891602
S, 9410, 22189, 31041, 29777.830078, 860.662415
R, 9410, 13062, 64953, 29138.570313, 9091.618164
S, 9420, 26709, 30739, 29841.080078, 608.463440
R, 9420, 13139, 57601, 31413.710938, 8803.116211
S, 9430, 26972, 30835, 29754.130859, 729.438721
R, 9430, 13156, 51671, 27908.519531, 8090.150879
S, 9440, 18548, 30781, 29705.130859, 1652.968384
R, 9440, 14336, 54250, 31839.320313, 8357.432617
S, 9450, 22743, 30902, 29941.730469, 922.245361
R, 9450, 12322, 61985, 30285.859375, 9568.458008
S, 9460, 27331, 30873, 29887.439453, 639.577148
R, 9460, 14540, 58453, 29994.410156, 9201.158203
S, 9470, 22955, 30745, 29832.960938, 1037.478516
R, 9470, 12545, 54224, 28491.679688, 9105.264648
S, 9480, 27518, 30826, 30102.400391, 441.074524
R, 9480, 13642, 57276, 29325.650391, 8885.527344
S, 9490, 26947, 30979, 29926.269531, 913.975891
R, 9490, 14801, 59740, 28620.380859, 9560.820313
S, 9500, 22796, 31156, 30102.910156, 878.116211
R, 9500, 16176, 54341, 29247.449219, 8579.322266
S, 9510, 27179, 30969, 30221.750000, 503.875916
R, 9510, 12188, 53850, 29916.310547, 9231.508789
S, 9520, 27359, 30934, 30162.580078, 606.480835
R, 9520, 12657, 50222, 28893.679688, 7997.596191
S, 9530, 22939, 30977, 30093.619141, 1173.142334
R, 9530, 12503, 55192, 28535.380859, 9627.012695
S, 9540, 22901, 31062, 30238.080078, 910.991333
R, 9540, 13977, 54561, 29216.369141, 8027.065918
S, 9550, 22547, 31121, 30096.830078, 1367.024292
R, 9550, 12834, 53615, 28970.759766, 8649.149414
S, 9560, 22592, 31198, 30100.939453, 1406.614380
R, 9560, 14291, 53116, 30714.179688, 9079.012695
S, 9570, 23182, 31256, 30308.990234, 930.096191
R, 9570, 15126, 61054, 30968.679688, 9303.237305
S, 9580, 27214, 31331, 30356.710938, 636.557190
R, 9580, 13167, 59838, 31023.369141, 9811.694336
S, 9590, 23012, 31140, 30298.529297, 1190.879639
R, 9590, 14191, 57477, 29716.250000, 8954.393555
S, 9600, 22777, 31349, 30211.099609, 1420.418335
R, 9600, 13105, 59613, 29656.259766, 8684.313477
S, 9610, 22971, 31434, 30174.490234, 1533.971069
R, 9610, 15097, 59629, 31118.089844, 10005.635742
S, 9620, 23158, 31436, 30133.550781, 1573.652222
R, 9620, 13792, 55844, 29938.380859, 9776.355469
S, 9630, 26391, 31374, 30526.500000, 742.017334
R, 9630, 14063, 54207, 29554.750000, 9275.268555
S, 9640, 23470, 31472, 30436.220703, 1182.480957
R, 9640, 13874, 56399, 30935.929688, 9434.330078
S, 9650, 22734, 31357, 30479.869141, 1045.818848
R, 9650, 13770, 55498, 30564.689453, 9265.911133
S, 9660, 23447, 31543, 30521.990234, 1032.581299
R, 9660, 12776, 58316, 30709.099609, 9390.499023
S, 9670, 28226, 31557, 30766.810547, 533.284912
R, 9670, 16339, 59996, 30092.640625, 9544.761719
S, 9680, 23423, 31781, 30720.269531, 973.020020
R, 9680, 13943, 50855, 30759.509766, 9388.665039
S, 9690, 23123, 31662, 30439.699219, 1690.313477
R, 9690, 13038, 51343, 30810.619141, 9018.644531
S, 9700, 22396, 31573, 30548.820313, 1462.417725
R, 9700, 15557, 54709, 30812.830078, 8996.690430
S, 9710, 27713, 31777, 30781.990234, 697.484924
R, 9710, 9709, 55613, 30046.689453, 9435.519531
S, 9720, 27930, 31659, 30809.810547, 615.108154
R, 9720, 13906, 55360, 30990.119141, 9224.623047
S, 9730, 23569, 31878, 30739.660156, 961.539124
R, 9730, 13525, 56681, 30553.919922, 9514.310547
S, 9740, 23399, 31891, 30805.060547, 996.564453
R, 9740, 16107, 57240, 29765.070313, 8706.709961
S, 9750, 27631, 31810, 30985.949219, 535.916992
R, 9750, 12856, 66175, 30606.400391, 9573.202148
S, 9760, 27986, 31796, 31004.539063, 668.919678
R, 9760, 14331, 52092, 30096.699219, 8260.798828
S, 9770, 22433, 32097, 30825.089844, 1295.115479
R, 9770, 13528, 54157, 29699.810547, 9048.706055
S, 9780, 27954, 32039, 31122.359375, 520.210449
R, 9780, 13319, 68336, 30038.320313, 9131.062500
S, 9790, 23665, 32020, 30855.359375, 1406.196899
R, 9790, 15374, 72254, 32790.398438, 9547.658203
S, 9800, 23091, 32042, 30932.880859, 1260.127686
R, 9800, 14790, 60853, 29850.089844, 9566.807617
S, 9810, 23744, 31927, 31073.890625, 983.419250
R, 9810, 13870, 63302, 30090.070313, 10857.763672
S, 9820, 23727, 31968, 30986.419922, 1380.523193
R, 9820, 13707, 59623, 30575.339844, 10323.461914
S, 9830, 23768, 32201, 31120.500000, 1014.163574
R, 9830, 13090, 68542, 30795.519531, 9326.443359
S, 9840, 22225, 32090, 30982.169922, 1699.541992
R, 9840, 12573, 65491, 30375.230469, 8793.443359
S, 9850, 23643, 32061, 31061.529297, 1125.794678
R, 9850, 13763, 59128, 31045.259766, 9478.375000
S, 9860, 23751, 32164, 31128.310547, 1056.572998
R, 9860, 14644, 55262, 31528.890625, 9850.087891
S, 9870, 20267, 32081, 31171.539063, 1292.705933
R, 9870, 13512, 66528, 31788.509766, 10769.323242
S, 9880, 23860, 32298, 31269.359375, 1067.796021
R, 9880, 14058, 50890, 32106.609375, 8898.643555
S, 9890, 23668, 32131, 31350.130859, 989.326599
R, 9890, 14441, 62761, 30058.490234, 9197.474609
S, 9900, 24037, 32372, 31417.800781, 971.268250
R, 9900, 15262, 65949, 29749.300781, 8302.610352
S, 9910, 23905, 32500, 31506.519531, 969.071228
R, 9910, 13524, 51243, 28977.000000, 9019.918945
S, 9920, 23894, 32523, 31460.279297, 1215.161987
R, 9920, 13647, 55549, 31944.830078, 9090.845703
S, 9930, 30061, 32302, 31614.259766, 433.058289
R, 9930, 14612, 52291, 30912.779297, 9076.782227
S, 9940, 24151, 32497, 31505.080078, 1010.461914
R, 9940, 14613, 69804, 30817.019531, 11100.204102
S, 9950, 29918, 32427, 31672.390625, 436.229401
R, 9950, 14888, 67717, 30526.669922, 9622.961914
S, 9960, 24114, 32643, 31498.150391, 1088.688232
R, 9960, 14066, 61976, 30036.589844, 8447.981445
S, 9970, 23925, 32589, 31432.509766, 1456.994751
R, 9970, 13311, 61093, 30878.419922, 9296.380859
S, 9980, 24221, 32671, 31664.669922, 1248.412842
R, 9980, 13167, 61211, 31771.830078, 9361.560547
S, 9990, 28523, 32647, 31667.099609, 713.920410
R, 9990, 15420, 69143, 29926.259766, 9580.869141
